         0.0000          0.0163
         0.0400         -0.0099
         0.0800         -0.0348
         0.1200         -0.0583
         0.1600         -0.0805
         0.2000         -0.1014
         0.2400         -0.1211
         0.2800         -0.1396
         0.3200         -0.1568
         0.3600         -0.1729
         0.4000         -0.1878
         0.4400         -0.2016
         0.4800         -0.2143
         0.5200         -0.2260
         0.5600         -0.2366
         0.6000         -0.2462
         0.6400         -0.2547
         0.6800         -0.2624
         0.7200         -0.2690
         0.7600         -0.2748
         0.8000         -0.2796
         0.8400         -0.2836
         0.8800         -0.2867
         0.9200         -0.2890
         0.9600         -0.2905
         1.0000         -0.2912
         1.0400         -0.2911
         1.0800         -0.2903
         1.1200         -0.2888
         1.1600         -0.2866
         1.2000         -0.2837
         1.2400         -0.2802
         1.2800         -0.2760
         1.3200         -0.2713
         1.3600         -0.2659
         1.4000         -0.2600
         1.4400         -0.2535
         1.4800         -0.2465
         1.5200         -0.2390
         1.5600         -0.2310
         1.6000         -0.2226
         1.6400         -0.2137
         1.6800         -0.2043
         1.7200         -0.1946
         1.7600         -0.1844
         1.8000         -0.1739
         1.8400         -0.1630
         1.8800         -0.1518
         1.9200         -0.1403
         1.9600         -0.1285
         2.0000         -0.1164
         2.0400         -0.1040
         2.0800         -0.0913
         2.1200         -0.0784
         2.1600         -0.0653
         2.2000         -0.0520
         2.2400         -0.0386
         2.2800         -0.0249
         2.3200         -0.0111
         2.3600          0.0029
         2.4000          0.0170
         2.4400          0.0312
         2.4800          0.0455
         2.5200          0.0598
         2.5600          0.0743
         2.6000          0.0888
         2.6400          0.1033
         2.6800          0.1179
         2.7200          0.1325
         2.7600          0.1470
         2.8000          0.1616
         2.8400          0.1762
         2.8800          0.1907
         2.9200          0.2051
         2.9600          0.2196
         3.0000          0.2339
         3.0400          0.2481
         3.0800          0.2623
         3.1200          0.2763
         3.1600          0.2903
         3.2000          0.3041
         3.2400          0.3178
         3.2800          0.3313
         3.3200          0.3446
         3.3600          0.3578
         3.4000          0.3709
         3.4400          0.3837
         3.4800          0.3964
         3.5200          0.4088
         3.5600          0.4210
         3.6000          0.4330
         3.6400          0.4448
         3.6800          0.4564
         3.7200          0.4677
         3.7600          0.4787
         3.8000          0.4895
         3.8400          0.5001
         3.8800          0.5103
         3.9200          0.5203
         3.9600          0.5300
         4.0000          0.5394
         4.0400          0.5485
         4.0800          0.5573
         4.1200          0.5658
         4.1600          0.5740
         4.2000          0.5819
         4.2400          0.5894
         4.2800          0.5966
         4.3200          0.6035
         4.3600          0.6100
         4.4000          0.6163
         4.4400          0.6221
         4.4800          0.6276
         4.5200          0.6328
         4.5600          0.6376
         4.6000          0.6421
         4.6400          0.6462
         4.6800          0.6499
         4.7200          0.6533
         4.7600          0.6563
         4.8000          0.6590
         4.8400          0.6612
         4.8800          0.6632
         4.9200          0.6647
         4.9600          0.6659
         5.0000          0.6667
         5.0400          0.6671
         5.0800          0.6672
         5.1200          0.6668
         5.1600          0.6661
         5.2000          0.6651
         5.2400          0.6637
         5.2800          0.6619
         5.3200          0.6597
         5.3600          0.6572
         5.4000          0.6543
         5.4400          0.6510
         5.4800          0.6474
         5.5200          0.6434
         5.5600          0.6391
         5.6000          0.6344
         5.6400          0.6294
         5.6800          0.6240
         5.7200          0.6183
         5.7600          0.6122
         5.8000          0.6058
         5.8400          0.5991
         5.8800          0.5920
         5.9200          0.5846
         5.9600          0.5769
         6.0000          0.5689
         6.0400          0.5606
         6.0800          0.5519
         6.1200          0.5430
         6.1600          0.5338
         6.2000          0.5243
         6.2400          0.5145
         6.2800          0.5045
         6.3200          0.4942
         6.3600          0.4836
         6.4000          0.4728
         6.4400          0.4617
         6.4800          0.4504
         6.5200          0.4389
         6.5600          0.4271
         6.6000          0.4152
         6.6400          0.4030
         6.6800          0.3906
         6.7200          0.3781
         6.7600          0.3654
         6.8000          0.3525
         6.8400          0.3395
         6.8800          0.3263
         6.9200          0.3129
         6.9600          0.2995
         7.0000          0.2859
         7.0400          0.2722
         7.0800          0.2585
         7.1200          0.2446
         7.1600          0.2307
         7.2000          0.2167
         7.2400          0.2027
         7.2800          0.1886
         7.3200          0.1745
         7.3600          0.1604
         7.4000          0.1463
         7.4400          0.1322
         7.4800          0.1181
         7.5200          0.1041
         7.5600          0.0901
         7.6000          0.0762
         7.6400          0.0624
         7.6800          0.0487
         7.7200          0.0351
         7.7600          0.0216
         7.8000          0.0083
         7.8400         -0.0049
         7.8800         -0.0179
         7.9200         -0.0308
         7.9600         -0.0434
         8.0000         -0.0558
         8.0400         -0.0679
         8.0800         -0.0799
         8.1200         -0.0915
         8.1600         -0.1029
         8.2000         -0.1139
         8.2400         -0.1247
         8.2800         -0.1351
         8.3200         -0.1451
         8.3600         -0.1548
         8.4000         -0.1641
         8.4400         -0.1729
         8.4800         -0.1814
         8.5200         -0.1893
         8.5600         -0.1969
         8.6000         -0.2039
         8.6400         -0.2104
         8.6800         -0.2164
         8.7200         -0.2219
         8.7600         -0.2268
         8.8000         -0.2311
         8.8400         -0.2347
         8.8800         -0.2378
         8.9200         -0.2402
         8.9600         -0.2420
         9.0000         -0.2430
         9.0400         -0.2433
         9.0800         -0.2429
         9.1200         -0.2417
         9.1600         -0.2398
         9.2000         -0.2370
         9.2400         -0.2335
         9.2800         -0.2290
         9.3200         -0.2237
         9.3600         -0.2175
         9.4000         -0.2104
         9.4400         -0.2023
         9.4800         -0.1933
         9.5200         -0.1832
         9.5600         -0.1722
         9.6000         -0.1601
         9.6400         -0.1469
         9.6800         -0.1326
         9.7200         -0.1172
         9.7600         -0.1007
         9.8000         -0.0830
         9.8400         -0.0641
         9.8800         -0.0439
         9.9200         -0.0225
         9.9600          0.0001
        10.0000          0.0241
