0.0 1 0
0.01 0.99995 0.00999725
0.02 0.9998 0.0199885
0.03 0.999551 0.0299728
0.04 0.999202 0.0399491
0.05 0.998753 0.0499164
0.06 0.998206 0.0598739
0.07 0.99756 0.0698204
0.08 0.996814 0.0797551
0.09 0.995971 0.089677
0.1 0.995029 0.0995851
0.11 0.993989 0.109478
0.12 0.992851 0.119356
0.13 0.991616 0.129217
0.14 0.990284 0.139061
0.15 0.988854 0.148886
0.16 0.987328 0.158692
0.17 0.985705 0.168478
0.18 0.983987 0.178242
0.19 0.982172 0.187985
0.2 0.980262 0.197704
0.21 0.978256 0.2074
0.22 0.976156 0.21707
0.23 0.973961 0.226716
0.24 0.971672 0.236334
0.25 0.969289 0.245926
0.26 0.966812 0.255489
0.27 0.964242 0.265023
0.28 0.961579 0.274527
0.29 0.958824 0.284001
0.3 0.955977 0.293443
0.31 0.953037 0.302852
0.32 0.950007 0.312229
0.33 0.946885 0.321571
0.34 0.943673 0.330878
0.35000000000000003 0.940371 0.34015
0.36 0.936979 0.349386
0.37 0.933498 0.358584
0.38 0.929927 0.367744
0.39 0.926268 0.376865
0.4 0.922521 0.385947
0.41000000000000003 0.918686 0.394988
0.42 0.914764 0.403988
0.43 0.910755 0.412947
0.44 0.90666 0.421862
0.45 0.902479 0.430735
0.46 0.898212 0.439563
0.47000000000000003 0.89386 0.448347
0.48 0.889423 0.457084
0.49 0.884903 0.465776
0.5 0.880298 0.474421
0.51 0.875611 0.483017
0.52 0.87084 0.491566
0.53 0.865988 0.500065
0.54 0.861053 0.508515
0.55 0.856038 0.516914
0.56 0.850941 0.525261
0.5700000000000001 0.845764 0.533557
0.58 0.840507 0.5418
0.59 0.835171 0.54999
0.6 0.829756 0.558127
0.61 0.824262 0.566208
0.62 0.818691 0.574234
0.63 0.813042 0.582205
0.64 0.807316 0.590119
0.65 0.801514 0.597976
0.66 0.795636 0.605775
0.67 0.789683 0.613515
0.68 0.783655 0.621197
0.6900000000000001 0.777552 0.628818
0.7000000000000001 0.771376 0.63638
0.71 0.765126 0.64388
0.72 0.758804 0.651319
0.73 0.752409 0.658696
0.74 0.745943 0.66601
0.75 0.739405 0.673261
0.76 0.732797 0.680447
0.77 0.726119 0.687569
0.78 0.719371 0.694626
0.79 0.712554 0.701617
0.8 0.705668 0.708542
0.81 0.698715 0.7154
0.8200000000000001 0.691694 0.722191
0.8300000000000001 0.684606 0.728913
0.84 0.677452 0.735567
0.85 0.670232 0.742151
0.86 0.662947 0.748666
0.87 0.655598 0.75511
0.88 0.648184 0.761484
0.89 0.640706 0.767786
0.9 0.633166 0.774016
0.91 0.625563 0.780174
0.92 0.617898 0.786258
0.93 0.610172 0.792269
0.9400000000000001 0.602385 0.798206
0.9500000000000001 0.594538 0.804068
0.96 0.586631 0.809854
0.97 0.578666 0.815565
0.98 0.570641 0.821199
0.99 0.562559 0.826757
1.0 0.55442 0.832237
1.01 0.546224 0.837639
1.02 0.537971 0.842963
1.03 0.529664 0.848208
1.04 0.521301 0.853373
1.05 0.512883 0.858458
1.06 0.504412 0.863463
1.07 0.495888 0.868386
1.08 0.487311 0.873228
1.09 0.478682 0.877988
1.1 0.470002 0.882665
1.11 0.461271 0.887259
1.12 0.45249 0.89177
1.1300000000000001 0.443659 0.896196
1.1400000000000001 0.434779 0.900537
1.1500000000000001 0.425851 0.904793
1.16 0.416875 0.908964
1.17 0.407852 0.913048
1.18 0.398782 0.917046
1.19 0.389667 0.920956
1.2 0.380506 0.924778
1.21 0.371301 0.928513
1.22 0.362051 0.932158
1.23 0.352758 0.935714
1.24 0.343423 0.939181
1.25 0.334045 0.942557
1.26 0.324627 0.945842
1.27 0.315167 0.949036
1.28 0.305667 0.952138
1.29 0.296128 0.955148
1.3 0.28655 0.958065
1.31 0.276934 0.960889
1.32 0.26728 0.963619
1.33 0.25759 0.966254
1.34 0.247863 0.968795
1.35 0.238102 0.97124
1.36 0.228305 0.97359
1.37 0.218474 0.975843
1.3800000000000001 0.208611 0.977999
1.3900000000000001 0.198714 0.980057
1.4000000000000001 0.188786 0.982018
1.41 0.178826 0.983881
1.42 0.168836 0.985644
1.43 0.158817 0.987308
1.44 0.148768 0.988872
1.45 0.138691 0.990336
1.46 0.128586 0.991698
1.47 0.118455 0.992959
1.48 0.108298 0.994118
1.49 0.0981155 0.995175
1.5 0.0879085 0.996129
1.51 0.0776778 0.996979
1.52 0.0674243 0.997724
1.53 0.0571486 0.998366
1.54 0.0468515 0.998902
1.55 0.036534 0.999332
1.56 0.0261968 0.999657
1.57 0.0158407 0.999875
1.58 0.0054665 0.999985
1.59 -0.00492487 0.999988
1.6 -0.0153326 0.999882
1.61 -0.0257558 0.999668
1.62 -0.0361937 0.999345
1.6300000000000001 -0.0466454 0.998912
1.6400000000000001 -0.0571099 0.998368
1.6500000000000001 -0.0675865 0.997713
1.6600000000000001 -0.0780741 0.996948
1.67 -0.0885719 0.99607
1.68 -0.099079 0.99508
1.69 -0.109594 0.993976
1.7 -0.120117 0.99276
1.71 -0.130646 0.991429
1.72 -0.141181 0.989984
1.73 -0.15172 0.988423
1.74 -0.162263 0.986748
1.75 -0.172808 0.984956
1.76 -0.183355 0.983047
1.77 -0.193902 0.981021
1.78 -0.204448 0.978877
1.79 -0.214993 0.976616
1.8 -0.225535 0.974235
1.81 -0.236074 0.971735
1.82 -0.246607 0.969116
1.83 -0.257135 0.966376
1.84 -0.267655 0.963515
1.85 -0.278168 0.960533
1.86 -0.288671 0.957429
1.87 -0.299163 0.954202
1.8800000000000001 -0.309644 0.950853
1.8900000000000001 -0.320111 0.94738
1.9000000000000001 -0.330565 0.943783
1.9100000000000001 -0.341003 0.940062
1.92 -0.351425 0.936216
1.93 -0.361829 0.932245
1.94 -0.372214 0.928147
1.95 -0.382578 0.923923
1.96 -0.39292 0.919572
1.97 -0.40324 0.915094
1.98 -0.413535 0.910488
1.99 -0.423804 0.905754
2.0 -0.434046 0.900891
2.0100000000000002 -0.44426 0.895898
2.02 -0.454443 0.890776
2.0300000000000002 -0.464595 0.885523
2.04 -0.474714 0.88014
2.05 -0.484799 0.874626
2.06 -0.494848 0.86898
2.07 -0.504859 0.863202
2.08 -0.514831 0.857292
2.09 -0.524762 0.851249
2.1 -0.534652 0.845073
2.11 -0.544497 0.838763
2.12 -0.554297 0.832319
2.13 -0.56405 0.825741
2.14 -0.573753 0.819028
2.15 -0.583407 0.81218
2.16 -0.593008 0.805197
2.17 -0.602554 0.798078
2.18 -0.612045 0.790823
2.19 -0.621479 0.783431
2.2 -0.630852 0.775903
2.21 -0.640164 0.768238
2.22 -0.649413 0.760436
2.23 -0.658596 0.752496
2.24 -0.667713 0.744419
2.25 -0.67676 0.736204
2.2600000000000002 -0.685735 0.727851
2.27 -0.694638 0.71936
2.2800000000000002 -0.703465 0.71073
2.29 -0.712215 0.701962
2.3000000000000003 -0.720885 0.693055
2.31 -0.729473 0.68401
2.32 -0.737977 0.674826
2.33 -0.746395 0.665503
2.34 -0.754725 0.656041
2.35 -0.762964 0.646441
2.36 -0.77111 0.636702
2.37 -0.779161 0.626824
2.38 -0.787114 0.616808
2.39 -0.794967 0.606653
2.4 -0.802717 0.59636
2.41 -0.810363 0.585929
2.42 -0.8179 0.57536
2.43 -0.825328 0.564654
2.44 -0.832643 0.55381
2.45 -0.839843 0.542829
2.46 -0.846925 0.531712
2.47 -0.853887 0.520459
2.48 -0.860725 0.50907
2.49 -0.867438 0.497546
2.5 -0.874022 0.485887
2.5100000000000002 -0.880474 0.474094
2.52 -0.886792 0.462168
2.5300000000000002 -0.892974 0.450109
2.54 -0.899015 0.437918
2.5500000000000003 -0.904913 0.425596
2.56 -0.910666 0.413144
2.57 -0.91627 0.400562
2.58 -0.921722 0.387852
2.59 -0.927019 0.375014
2.6 -0.932159 0.36205
2.61 -0.937137 0.348961
2.62 -0.941952 0.335748
2.63 -0.9466 0.322412
2.64 -0.951077 0.308954
2.65 -0.955381 0.295377
2.66 -0.959508 0.281681
2.67 -0.963456 0.267868
2.68 -0.96722 0.25394
2.69 -0.970798 0.239898
2.7 -0.974187 0.225744
2.71 -0.977382 0.21148
2.72 -0.980382 0.197108
2.73 -0.983182 0.18263
2.74 -0.985779 0.168048
2.75 -0.98817 0.153365
2.7600000000000002 -0.990351 0.138582
2.77 -0.992319 0.123702
2.7800000000000002 -0.994072 0.108728
2.79 -0.995604 0.0936614
2.8000000000000003 -0.996914 0.0785058
2.81 -0.997997 0.0632637
2.82 -0.99885 0.0479381
2.83 -0.999471 0.0325319
2.84 -0.999855 0.0170481
2.85 -0.999999 0.00149012
2.86 -0.9999 -0.0141389
2.87 -0.999555 -0.0298354
2.88 -0.99896 -0.0455959
2.89 -0.998112 -0.0614168
2.9 -0.997008 -0.0772943
2.91 -0.995645 -0.0932244
2.92 -0.994019 -0.109203
2.93 -0.992128 -0.125227
2.94 -0.989968 -0.14129
2.95 -0.987537 -0.15739
2.96 -0.98483 -0.173521
2.97 -0.981846 -0.189679
2.98 -0.978582 -0.205858
2.99 -0.975034 -0.222055
3.0 -0.9712 -0.238264
3.0100000000000002 -0.967078 -0.25448
3.02 -0.962664 -0.270698
3.0300000000000002 -0.957957 -0.286912
3.04 -0.952953 -0.303118
3.0500000000000003 -0.947651 -0.319308
3.06 -0.942048 -0.335477
3.0700000000000003 -0.936143 -0.35162
3.08 -0.929932 -0.367731
3.09 -0.923415 -0.383803
3.1 -0.916589 -0.39983
3.11 -0.909454 -0.415805
3.12 -0.902006 -0.431723
3.13 -0.894246 -0.447576
3.14 -0.886171 -0.463358
3.15 -0.877781 -0.479062
3.16 -0.869075 -0.494681
3.17 -0.860052 -0.510207
3.18 -0.850711 -0.525634
3.19 -0.841052 -0.540954
3.2 -0.831075 -0.55616
3.21 -0.82078 -0.571245
3.22 -0.810166 -0.5862
3.23 -0.799235 -0.601019
3.24 -0.787986 -0.615693
3.25 -0.776421 -0.630214
3.2600000000000002 -0.764541 -0.644576
3.27 -0.752346 -0.658769
3.2800000000000002 -0.739838 -0.672785
3.29 -0.727018 -0.686618
3.3000000000000003 -0.713889 -0.700258
3.31 -0.700453 -0.713698
3.3200000000000003 -0.686712 -0.72693
3.33 -0.672668 -0.739944
3.34 -0.658325 -0.752734
3.35 -0.643686 -0.76529
3.36 -0.628753 -0.777605
3.37 -0.613531 -0.789671
3.38 -0.598023 -0.801479
3.39 -0.582234 -0.813021
3.4 -0.566168 -0.82429
3.41 -0.549829 -0.835277
3.42 -0.533223 -0.845975
3.43 -0.516355 -0.856375
3.44 -0.49923 -0.866469
3.45 -0.481854 -0.876251
3.46 -0.464234 -0.885713
3.47 -0.446375 -0.894846
3.48 -0.428284 -0.903644
3.49 -0.409968 -0.9121
3.5 -0.391433 -0.920207
3.5100000000000002 -0.372688 -0.927957
3.52 -0.35374 -0.935344
3.5300000000000002 -0.334596 -0.942362
3.54 -0.315266 -0.949003
3.5500000000000003 -0.295756 -0.955263
3.56 -0.276076 -0.961136
3.5700000000000003 -0.256235 -0.966615
3.58 -0.236241 -0.971694
3.59 -0.216104 -0.97637
3.6 -0.195833 -0.980637
3.61 -0.175438 -0.984491
3.62 -0.154928 -0.987926
3.63 -0.134313 -0.990939
3.64 -0.113605 -0.993526
3.65 -0.0928119 -0.995684
3.66 -0.0719454 -0.997409
3.67 -0.0510159 -0.998698
3.68 -0.030034 -0.999549
3.69 -0.0090105 -0.999959
3.7 0.0120437 -0.999927
3.71 0.0331176 -0.999451
3.72 0.0542002 -0.99853
3.73 0.0752804 -0.997162
3.74 0.096347 -0.995348
3.75 0.117389 -0.993086
3.7600000000000002 0.138395 -0.990377
3.77 0.159353 -0.987222
3.7800000000000002 0.180253 -0.98362
3.79 0.201084 -0.979574
3.8000000000000003 0.221834 -0.975085
3.81 0.242491 -0.970154
3.8200000000000003 0.263046 -0.964783
3.83 0.283488 -0.958976
3.84 0.303804 -0.952735
3.85 0.323985 -0.946062
3.86 0.344019 -0.938963
3.87 0.363897 -0.931439
3.88 0.383607 -0.923496
3.89 0.40314 -0.915138
3.9 0.422485 -0.90637
3.91 0.441633 -0.897196
3.92 0.460573 -0.887622
3.93 0.479297 -0.877653
3.94 0.497794 -0.867295
3.95 0.516056 -0.856555
3.96 0.534073 -0.845439
3.97 0.551836 -0.833952
3.98 0.569339 -0.822103
3.99 0.586571 -0.809898
4.0 0.603525 -0.797344
4.01 0.620193 -0.784449
4.0200000000000005 0.636568 -0.771221
4.03 0.652642 -0.757666
4.04 0.668409 -0.743794
4.05 0.683861 -0.729613
4.0600000000000005 0.698992 -0.715129
4.07 0.713796 -0.700353
4.08 0.728268 -0.685293
4.09 0.7424 -0.669957
4.1 0.756189 -0.654353
4.11 0.769629 -0.638492
4.12 0.782714 -0.622381
4.13 0.795442 -0.60603
4.14 0.807806 -0.589448
4.15 0.819804 -0.572644
4.16 0.831432 -0.555626
4.17 0.842686 -0.538405
4.18 0.853563 -0.52099
4.19 0.86406 -0.503388
4.2 0.874175 -0.485611
4.21 0.883905 -0.467667
4.22 0.893248 -0.449564
4.23 0.902202 -0.431313
4.24 0.910766 -0.412923
4.25 0.918938 -0.394402
4.26 0.926717 -0.375759
4.2700000000000005 0.934103 -0.357004
4.28 0.941094 -0.338145
4.29 0.94769 -0.319192
4.3 0.953891 -0.300152
4.3100000000000005 0.959697 -0.281035
4.32 0.965109 -0.26185
4.33 0.970125 -0.242604
4.34 0.974748 -0.223307
4.3500000000000005 0.978978 -0.203967
4.36 0.982815 -0.184591
4.37 0.986262 -0.165188
4.38 0.989319 -0.145767
4.39 0.991988 -0.126334
4.4 0.99427 -0.106898
4.41 0.996167 -0.0874666
4.42 0.997682 -0.0680472
4.43 0.998816 -0.0486472
4.44 0.999571 -0.029274
4.45 0.999951 -0.0099348
4.46 0.999956 0.00936332
4.47 0.999591 0.0286134
4.48 0.998857 0.0478087
4.49 0.997757 0.0669423
4.5 0.996294 0.0860079
4.51 0.994472 0.104999
4.5200000000000005 0.992294 0.123909
4.53 0.989761 0.142732
4.54 0.986879 0.161462
4.55 0.98365 0.180093
4.5600000000000005 0.980077 0.198618
4.57 0.976164 0.217033
4.58 0.971915 0.235332
4.59 0.967333 0.25351
4.6000000000000005 0.962421 0.27156
4.61 0.957185 0.289478
4.62 0.951626 0.307259
4.63 0.945749 0.324897
4.64 0.939558 0.342389
4.65 0.933057 0.359728
4.66 0.926249 0.376911
4.67 0.919139 0.393933
4.68 0.91173 0.410789
4.69 0.904027 0.427475
4.7 0.896033 0.443987
4.71 0.887752 0.460321
4.72 0.879189 0.476473
4.73 0.870348 0.492438
4.74 0.861231 0.508213
4.75 0.851845 0.523795
4.76 0.842192 0.539178
4.7700000000000005 0.832276 0.554361
4.78 0.822103 0.569339
4.79 0.811675 0.584109
4.8 0.800997 0.598668
4.8100000000000005 0.790074 0.613012
4.82 0.778908 0.627138
4.83 0.767505 0.641043
4.84 0.755868 0.654724
4.8500000000000005 0.744001 0.668179
4.86 0.731909 0.681403
4.87 0.719595 0.694394
4.88 0.707064 0.70715
4.89 0.694319 0.719667
4.9 0.681365 0.731944
4.91 0.668206 0.743977
4.92 0.654845 0.755763
4.93 0.641287 0.767301
4.94 0.627536 0.778587
4.95 0.613596 0.78962
4.96 0.599471 0.800397
4.97 0.585164 0.810915
4.98 0.57068 0.821172
4.99 0.556024 0.831167
5.0 0.541197 0.840896
5.01 0.526206 0.850357
5.0200000000000005 0.511053 0.859549
5.03 0.495744 0.868469
5.04 0.48028 0.877115
5.05 0.464668 0.885485
5.0600000000000005 0.44891 0.893577
5.07 0.433011 0.901389
5.08 0.416974 0.908918
5.09 0.400805 0.916164
5.1000000000000005 0.384505 0.923123
5.11 0.368081 0.929794
5.12 0.351534 0.936175
5.13 0.334871 0.942264
5.14 0.318094 0.948059
5.15 0.301208 0.953559
5.16 0.284216 0.95876
5.17 0.267123 0.963662
5.18 0.249933 0.968263
5.19 0.23265 0.97256
5.2 0.215278 0.976553
5.21 0.197821 0.980238
5.22 0.180284 0.983615
5.23 0.16267 0.986681
5.24 0.144984 0.989434
5.25 0.127229 0.991873
5.26 0.109411 0.993997
5.2700000000000005 0.0915336 0.995802
5.28 0.0736009 0.997288
5.29 0.0556176 0.998452
5.3 0.0375879 0.999293
5.3100000000000005 0.0195165 0.99981
5.32 0.00140772 0.999999
5.33 -0.0167338 0.99986
5.34 -0.0349034 0.999391
5.3500000000000005 -0.0530964 0.998589
5.36 -0.0713082 0.997454
5.37 -0.0895339 0.995984
5.38 -0.107769 0.994176
5.39 -0.126008 0.992029
5.4 -0.144246 0.989542
5.41 -0.162478 0.986712
5.42 -0.180699 0.983538
5.43 -0.198904 0.980019
5.44 -0.217088 0.976152
5.45 -0.235244 0.971936
5.46 -0.253369 0.96737
5.47 -0.271455 0.962451
5.48 -0.289498 0.957179
5.49 -0.307492 0.951551
5.5 -0.32543 0.945566
5.51 -0.343307 0.939223
5.5200000000000005 -0.361118 0.93252
5.53 -0.378855 0.925456
5.54 -0.396512 0.918029
5.55 -0.414084 0.910239
5.5600000000000005 -0.431563 0.902083
5.57 -0.448943 0.89356
5.58 -0.466217 0.88467
5.59 -0.483379 0.875411
5.6000000000000005 -0.50042 0.865783
5.61 -0.517335 0.855783
5.62 -0.534115 0.845412
5.63 -0.550754 0.834668
5.64 -0.567243 0.823551
5.65 -0.583575 0.812059
5.66 -0.599742 0.800194
5.67 -0.615736 0.787953
5.68 -0.631548 0.775336
5.69 -0.647171 0.762345
5.7 -0.662596 0.748977
5.71 -0.677813 0.735234
5.72 -0.692815 0.721115
5.73 -0.707591 0.706622
5.74 -0.722134 0.691754
5.75 -0.736432 0.676511
5.76 -0.750477 0.660896
5.7700000000000005 -0.76426 0.644909
5.78 -0.777769 0.628551
5.79 -0.790994 0.611823
5.8 -0.803927 0.594728
5.8100000000000005 -0.816555 0.577268
5.82 -0.828868 0.559444
5.83 -0.840856 0.541259
5.84 -0.852507 0.522715
5.8500000000000005 -0.863811 0.503817
5.86 -0.874755 0.484566
5.87 -0.885328 0.464967
5.88 -0.895518 0.445024
5.89 -0.905315 0.424741
5.9 -0.914704 0.404123
5.91 -0.923676 0.383175
5.92 -0.932216 0.361903
5.93 -0.940313 0.340311
5.94 -0.947954 0.318408
5.95 -0.955126 0.296199
5.96 -0.961818 0.273691
5.97 -0.968015 0.250894
5.98 -0.973705 0.227814
5.99 -0.978875 0.204461
6.0 -0.983512 0.180844
6.01 -0.987603 0.156974
6.0200000000000005 -0.991135 0.132859
6.03 -0.994095 0.108513
6.04 -0.99647 0.0839454
6.05 -0.998248 0.0591697
6.0600000000000005 -0.999415 0.0341987
6.07 -0.999959 0.00904587
6.08 -0.999868 -0.0162744
6.09 -0.999128 -0.041747
6.1000000000000005 -0.997729 -0.0673563
6.11 -0.995658 -0.093086
6.12 -0.992904 -0.118919
6.13 -0.989456 -0.144837
6.140000000000001 -0.985302 -0.170822
6.15 -0.980433 -0.196854
6.16 -0.974838 -0.222914
6.17 -0.968509 -0.24898
6.18 -0.961435 -0.275031
6.19 -0.95361 -0.301044
6.2 -0.945025 -0.326998
6.21 -0.935673 -0.352867
6.22 -0.925549 -0.378628
6.23 -0.914646 -0.404255
6.24 -0.902961 -0.429723
6.25 -0.890489 -0.455005
6.26 -0.877228 -0.480074
6.2700000000000005 -0.863176 -0.504903
6.28 -0.848333 -0.529463
6.29 -0.832699 -0.553726
6.3 -0.816276 -0.577663
6.3100000000000005 -0.799066 -0.601244
6.32 -0.781074 -0.624439
6.33 -0.762304 -0.647219
6.34 -0.742765 -0.669552
6.3500000000000005 -0.722464 -0.691409
6.36 -0.70141 -0.712758
6.37 -0.679614 -0.733569
6.38 -0.65709 -0.753812
6.390000000000001 -0.63385 -0.773456
6.4 -0.609911 -0.79247
6.41 -0.585289 -0.810825
6.42 -0.560003 -0.828491
6.43 -0.534073 -0.845438
6.44 -0.50752 -0.86164
6.45 -0.480368 -0.877067
6.46 -0.452641 -0.891693
6.47 -0.424366 -0.905491
6.48 -0.395569 -0.918436
6.49 -0.36628 -0.930505
6.5 -0.336529 -0.941673
6.51 -0.306348 -0.95192
6.5200000000000005 -0.275769 -0.961224
6.53 -0.244826 -0.969567
6.54 -0.213555 -0.976931
6.55 -0.181991 -0.9833
6.5600000000000005 -0.150171 -0.98866
6.57 -0.118134 -0.992998
6.58 -0.0859178 -0.996302
6.59 -0.0535616 -0.998565
6.6000000000000005 -0.0211051 -0.999777
6.61 0.0114114 -0.999935
6.62 0.0439474 -0.999034
6.63 0.0764623 -0.997072
6.640000000000001 0.108915 -0.994051
6.65 0.141266 -0.989972
6.66 0.173473 -0.984839
6.67 0.205497 -0.978658
6.68 0.237297 -0.971437
6.69 0.268834 -0.963186
6.7 0.30007 -0.953917
6.71 0.330965 -0.943643
6.72 0.361483 -0.932379
6.73 0.391587 -0.920141
6.74 0.421242 -0.906948
6.75 0.450413 -0.89282
6.76 0.479066 -0.877779
6.7700000000000005 0.50717 -0.861846
6.78 0.534694 -0.845046
6.79 0.561608 -0.827404
6.8 0.587884 -0.808945
6.8100000000000005 0.613495 -0.789699
6.82 0.638416 -0.769692
6.83 0.662623 -0.748953
6.84 0.686094 -0.727513
6.8500000000000005 0.708808 -0.705402
6.86 0.730745 -0.68265
6.87 0.751889 -0.65929
6.88 0.772223 -0.635352
6.890000000000001 0.791732 -0.610869
6.9 0.810403 -0.585872
6.91 0.828225 -0.560396
6.92 0.845187 -0.534471
6.93 0.861281 -0.50813
6.94 0.876498 -0.481405
6.95 0.890834 -0.454329
6.96 0.904284 -0.426932
6.97 0.916843 -0.399247
6.98 0.928511 -0.371305
6.99 0.939286 -0.343137
7.0 0.949167 -0.314772
7.01 0.958158 -0.28624
7.0200000000000005 0.966259 -0.257571
7.03 0.973475 -0.228794
7.04 0.979809 -0.199936
7.05 0.985267 -0.171025
7.0600000000000005 0.989854 -0.142088
7.07 0.993578 -0.113151
7.08 0.996446 -0.0842389
7.09 0.998465 -0.0553775
7.1000000000000005 0.999646 -0.0265906
7.11 0.999998 0.00209855
7.12 0.99953 0.0306671
7.13 0.998252 0.0590931
7.140000000000001 0.996177 0.0873553
7.15 0.993315 0.115433
7.16 0.989678 0.143306
7.17 0.985279 0.170956
7.18 0.980129 0.198363
7.19 0.974241 0.225511
7.2 0.967628 0.252381
7.21 0.960304 0.278957
7.22 0.952281 0.305223
7.23 0.943573 0.331165
7.24 0.934194 0.356766
7.25 0.924157 0.382012
7.26 0.913477 0.406891
7.2700000000000005 0.902166 0.431389
7.28 0.890239 0.455494
7.29 0.87771 0.479193
7.3 0.864592 0.502474
7.3100000000000005 0.8509 0.525328
7.32 0.836647 0.547742
7.33 0.821848 0.569707
7.34 0.806515 0.591213
7.3500000000000005 0.790663 0.612251
7.36 0.774306 0.632811
7.37 0.757457 0.652885
7.38 0.74013 0.672464
7.390000000000001 0.722338 0.691541
7.4 0.704094 0.710107
7.41 0.685412 0.728155
7.42 0.666306 0.745679
7.43 0.646788 0.76267
7.44 0.626871 0.779123
7.45 0.606569 0.795031
7.46 0.585894 0.810387
7.47 0.56486 0.825187
7.48 0.543479 0.839423
7.49 0.521763 0.85309
7.5 0.499727 0.866183
7.51 0.477381 0.878697
7.5200000000000005 0.454739 0.890625
7.53 0.431813 0.901963
7.54 0.408615 0.912707
7.55 0.385159 0.92285
7.5600000000000005 0.361457 0.932389
7.57 0.33752 0.941318
7.58 0.313361 0.949634
7.59 0.288993 0.957331
7.6000000000000005 0.264429 0.964405
7.61 0.23968 0.970852
7.62 0.214758 0.976667
7.63 0.189678 0.981846
7.640000000000001 0.16445 0.986385
7.65 0.139089 0.99028
7.66 0.113605 0.993526
7.67 0.0880134 0.996119
7.68 0.0623256 0.998056
7.69 0.0365551 0.999332
7.7 0.010715 0.999943
7.71 -0.0151814 0.999885
7.72 -0.0411205 0.999154
7.73 -0.0670887 0.997747
7.74 -0.0930721 0.995659
7.75 -0.119057 0.992887
7.76 -0.145028 0.989428
7.7700000000000005 -0.170972 0.985276
7.78 -0.196874 0.980429
7.79 -0.222718 0.974883
7.8 -0.248489 0.968635
7.8100000000000005 -0.274172 0.961681
7.82 -0.29975 0.954018
7.83 -0.325207 0.945643
7.84 -0.350528 0.936552
7.8500000000000005 -0.375693 0.926744
7.86 -0.400687 0.916215
7.87 -0.425492 0.904962
7.88 -0.450088 0.892984
7.890000000000001 -0.474457 0.880279
7.9 -0.498581 0.866843
7.91 -0.522439 0.852677
7.92 -0.546012 0.837778
7.930000000000001 -0.569278 0.822145
7.94 -0.592216 0.805779
7.95 -0.614806 0.788678
7.96 -0.637024 0.770844
7.97 -0.658848 0.752277
7.98 -0.680253 0.732977
7.99 -0.701218 0.712947
8.0 -0.721716 0.69219
8.01 -0.741722 0.670707
8.02 -0.761211 0.648504
8.03 -0.780157 0.625584
8.040000000000001 -0.798532 0.601953
8.05 -0.816308 0.577616
8.06 -0.833458 0.552582
8.07 -0.849953 0.526858
8.08 -0.865764 0.500453
8.09 -0.88086 0.473378
8.1 -0.895211 0.445643
8.11 -0.908786 0.417263
8.120000000000001 -0.921554 0.38825
8.13 -0.933483 0.358621
8.14 -0.944541 0.328392
8.15 -0.954696 0.297583
8.16 -0.963914 0.266214
8.17 -0.972163 0.234306
8.18 -0.979409 0.201884
8.19 -0.98562 0.168974
8.2 -0.990763 0.135604
8.21 -0.994805 0.101803
8.22 -0.997712 0.0676034
8.23 -0.999454 0.0330403
8.24 -0.999998 -0.00184995
8.25 -0.999314 -0.0370284
8.26 -0.997372 -0.0724535
8.27 -0.994142 -0.108081
8.28 -0.989597 -0.143866
8.290000000000001 -0.983711 -0.179758
8.3 -0.976458 -0.215706
8.31 -0.967817 -0.251657
8.32 -0.957765 -0.287553
8.33 -0.946284 -0.323337
8.34 -0.933358 -0.358946
8.35 -0.918974 -0.394318
8.36 -0.903121 -0.429387
8.370000000000001 -0.885791 -0.464085
8.38 -0.866981 -0.498342
8.39 -0.84669 -0.532086
8.4 -0.824923 -0.565246
8.41 -0.801686 -0.597745
8.42 -0.776993 -0.62951
8.43 -0.750859 -0.660463
8.44 -0.723306 -0.690528
8.45 -0.69436 -0.719628
8.46 -0.664052 -0.747686
8.47 -0.632419 -0.774627
8.48 -0.599501 -0.800374
8.49 -0.565346 -0.824854
8.5 -0.530004 -0.847995
8.51 -0.493533 -0.869727
8.52 -0.455994 -0.889983
8.53 -0.417454 -0.908698
8.540000000000001 -0.377985 -0.925812
8.55 -0.337661 -0.941268
8.56 -0.296563 -0.955013
8.57 -0.254776 -0.967
8.58 -0.212387 -0.977186
8.59 -0.169486 -0.985533
8.6 -0.126167 -0.992009
8.61 -0.0825271 -0.996589
8.620000000000001 -0.0386631 -0.999252
8.63 0.00532536 -0.999986
8.64 0.0493381 -0.998782
8.65 0.0932745 -0.99564
8.66 0.137034 -0.990566
8.67 0.180517 -0.983572
8.68 0.223625 -0.974675
8.69 0.266261 -0.963901
8.700000000000001 0.308329 -0.95128
8.71 0.349739 -0.936847
8.72 0.390399 -0.920646
8.73 0.430225 -0.902722
8.74 0.469134 -0.883127
8.75 0.507049 -0.861917
8.76 0.543895 -0.839153
8.77 0.579603 -0.814899
8.78 0.614109 -0.789221
8.790000000000001 0.647353 -0.762191
8.8 0.67928 -0.733879
8.81 0.709842 -0.704361
8.82 0.738993 -0.673713
8.83 0.766695 -0.642012
8.84 0.792912 -0.609336
8.85 0.817616 -0.575764
8.86 0.840782 -0.541374
8.870000000000001 0.86239 -0.506244
8.88 0.882425 -0.470453
8.89 0.900876 -0.434077
8.9 0.917735 -0.397193
8.91 0.933001 -0.359874
8.92 0.946674 -0.322194
8.93 0.958758 -0.284224
8.94 0.969261 -0.246034
8.950000000000001 0.978195 -0.207691
8.96 0.985571 -0.16926
8.97 0.991408 -0.130805
8.98 0.995723 -0.0923866
8.99 0.998537 -0.0540636
9.0 0.999874 -0.0158923
9.01 0.999756 0.0220733
9.02 0.998211 0.0597815
9.03 0.995267 0.097183
9.040000000000001 0.99095 0.134231
9.05 0.985292 0.17088
9.06 0.978322 0.207087
9.07 0.970073 0.242814
9.08 0.960575 0.278019
9.09 0.949862 0.312669
9.1 0.937966 0.346728
9.11 0.92492 0.380163
9.120000000000001 0.910756 0.412944
9.13 0.89551 0.445042
9.14 0.879212 0.47643
9.15 0.861898 0.507081
9.16 0.8436 0.536972
9.17 0.824351 0.56608
9.18 0.804183 0.594382
9.19 0.783129 0.621859
9.200000000000001 0.761222 0.648491
9.21 0.738494 0.67426
9.22 0.714975 0.69915
9.23 0.690698 0.723143
9.24 0.665693 0.746226
9.25 0.639992 0.768382
9.26 0.613623 0.789599
9.27 0.586619 0.809863
9.28 0.559008 0.829163
9.290000000000001 0.530819 0.847485
9.3 0.502083 0.86482
9.31 0.472827 0.881155
9.32 0.443082 0.896481
9.33 0.412874 0.910788
9.34 0.382233 0.924066
9.35 0.351187 0.936305
9.36 0.319764 0.947497
9.370000000000001 0.287991 0.957633
9.38 0.255898 0.966704
9.39 0.223511 0.974701
9.4 0.190859 0.981617
9.41 0.15797 0.987444
9.42 0.124873 0.992173
9.43 0.0915946 0.995796
9.44 0.0581649 0.998307
9.450000000000001 0.0246124 0.999697
9.46 -0.00903368 0.999959
9.47 -0.0427438 0.999086
9.48 -0.0764878 0.997071
9.49 -0.110235 0.993906
9.5 -0.143955 0.989584
9.51 -0.177616 0.9841
9.52 -0.211186 0.977446
9.53 -0.24463 0.969616
9.540000000000001 -0.277917 0.960605
9.55 -0.311011 0.950406
9.56 -0.343877 0.939015
9.57 -0.376479 0.926425
9.58 -0.408778 0.912634
9.59 -0.440737 0.897636
9.6 -0.472316 0.881429
9.61 -0.503475 0.86401
9.620000000000001 -0.53417 0.845377
9.63 -0.56436 0.825529
9.64 -0.594 0.804465
9.65 -0.623043 0.782188
9.66 -0.651442 0.758699
9.67 -0.679148 0.734001
9.68 -0.706112 0.708101
9.69 -0.73228 0.681004
9.700000000000001 -0.757601 0.652718
9.71 -0.782018 0.623256
9.72 -0.805476 0.592629
9.73 -0.827916 0.560852
9.74 -0.84928 0.527943
9.75 -0.869506 0.493922
9.76 -0.888532 0.458814
9.77 -0.906296 0.422644
9.78 -0.922732 0.385443
9.790000000000001 -0.937774 0.347246
9.8 -0.951357 0.308089
9.81 -0.963414 0.268017
9.82 -0.973877 0.227075
9.83 -0.982679 0.185316
9.84 -0.989752 0.142797
9.85 -0.99503 0.0995802
9.86 -0.998446 0.0557335
9.870000000000001 -0.999936 0.0113307
9.88 -0.999437 -0.0335484
9.89 -0.996889 -0.0788178
9.9 -0.992234 -0.124385
9.91 -0.985418 -0.170152
9.92 -0.97639 -0.216013
9.93 -0.965106 -0.261858
9.94 -0.951526 -0.307567
9.950000000000001 -0.935616 -0.353019
9.96 -0.91735 -0.398082
9.97 -0.896708 -0.442622
9.98 -0.873681 -0.486499
9.99 -0.848268 -0.529567
10.0 -0.820477 -0.571679
10.01 -0.790329 -0.612683
10.02 -0.757854 -0.652425
10.03 -0.723095 -0.690749
10.040000000000001 -0.686108 -0.7275
10.05 -0.646961 -0.762523
10.06 -0.605734 -0.795667
10.07 -0.562523 -0.826782
10.08 -0.517433 -0.855723
10.09 -0.470586 -0.882354
10.1 -0.422114 -0.906543
10.11 -0.372161 -0.928168
10.120000000000001 -0.320883 -0.947119
10.13 -0.268445 -0.963295
10.14 -0.215024 -0.976609
10.15 -0.160801 -0.986987
10.16 -0.105968 -0.99437
10.17 -0.0507188 -0.998713
10.18 0.00474715 -0.999989
10.19 0.0602291 -0.998185
10.200000000000001 0.115526 -0.993304
10.21 0.170437 -0.985369
10.22 0.224765 -0.974413
10.23 0.278317 -0.960489
10.24 0.330906 -0.943664
10.25 0.382353 -0.924017
10.26 0.432485 -0.901641
10.27 0.481141 -0.876643
10.28 0.528171 -0.849138
10.290000000000001 0.573433 -0.819253
10.3 0.6168 -0.78712
10.31 0.658157 -0.75288
10.32 0.697401 -0.716681
10.33 0.734442 -0.678672
10.34 0.769201 -0.639007
10.35 0.801615 -0.597841
10.36 0.83163 -0.55533
10.370000000000001 0.859206 -0.511629
10.38 0.884314 -0.466893
10.39 0.906935 -0.421272
10.4 0.927059 -0.374915
10.41 0.944689 -0.327967
10.42 0.959834 -0.280569
10.43 0.972511 -0.232856
10.44 0.982746 -0.184958
10.450000000000001 0.990571 -0.137001
10.46 0.996022 -0.0891031
10.47 0.999144 -0.0413792
10.48 0.999982 0.00606352
10.49 0.998588 0.0531232
10.5 0.995017 0.0997037
10.51 0.989327 0.145715
10.52 0.981576 0.191072
10.53 0.971827 0.235695
10.540000000000001 0.960143 0.27951
10.55 0.946587 0.322449
10.56 0.931225 0.364446
10.57 0.914121 0.405442
10.58 0.895341 0.445382
10.59 0.87495 0.484213
10.6 0.853013 0.521889
10.61 0.829595 0.558365
10.620000000000001 0.80476 0.5936
10.63 0.778571 0.627557
10.64 0.75109 0.6602
10.65 0.72238 0.691496
10.66 0.692501 0.721417
10.67 0.661513 0.749934
10.68 0.629476 0.77702
10.69 0.596447 0.802652
10.700000000000001 0.562485 0.826808
10.71 0.527645 0.849465
10.72 0.491984 0.870604
10.73 0.455557 0.890207
10.74 0.418419 0.908254
10.75 0.380623 0.92473
10.76 0.342224 0.939619
10.77 0.303274 0.952903
10.78 0.263827 0.96457
10.790000000000001 0.223935 0.974604
10.8 0.183652 0.982991
10.81 0.14303 0.989718
10.82 0.102122 0.994772
10.83 0.0609832 0.998139
10.84 0.0196664 0.999807
10.85 -0.0217735 0.999763
10.86 -0.063281 0.997996
10.870000000000001 -0.1048 0.994493
10.88 -0.146272 0.989244
10.89 -0.187639 0.982238
10.9 -0.228841 0.973464
10.91 -0.269817 0.962912
10.92 -0.310502 0.950573
10.93 -0.350832 0.936439
10.94 -0.390739 0.920502
10.950000000000001 -0.430154 0.902756
10.96 -0.469005 0.883195
10.97 -0.507219 0.861817
10.98 -0.544717 0.83862
10.99 -0.58142 0.813603
11.0 -0.617247 0.78677
11.01 -0.65211 0.758124
11.02 -0.685922 0.727675
11.03 -0.718591 0.695433
11.040000000000001 -0.750021 0.661414
11.05 -0.780114 0.625638
11.06 -0.808768 0.588128
11.07 -0.835879 0.548913
11.08 -0.861339 0.50803
11.09 -0.885038 0.465519
11.1 -0.906861 0.42143
11.11 -0.926693 0.375818
11.120000000000001 -0.944417 0.328749
11.13 -0.959913 0.280296
11.14 -0.973062 0.230543
11.15 -0.983743 0.179584
11.16 -0.991836 0.127523
11.17 -0.997223 0.074478
11.18 -0.999788 0.0205773
11.19 -0.999421 -0.034037
11.200000000000001 -0.996013 -0.0892098
11.21 -0.989465 -0.144773
11.22 -0.979685 -0.200543
11.23 -0.966591 -0.256325
11.24 -0.950112 -0.31191
11.25 -0.930191 -0.367075
11.26 -0.906789 -0.421586
11.27 -0.87988 -0.475197
11.28 -0.84946 -0.527652
11.290000000000001 -0.815549 -0.578689
11.3 -0.778184 -0.628036
11.31 -0.737433 -0.675421
11.32 -0.693385 -0.720567
11.33 -0.64616 -0.763202
11.34 -0.595902 -0.803057
11.35 -0.542787 -0.83987
11.36 -0.487016 -0.873393
11.370000000000001 -0.428815 -0.903392
11.38 -0.36844 -0.929651
11.39 -0.306168 -0.951978
11.4 -0.242296 -0.970202
11.41 -0.177143 -0.984185
11.42 -0.111039 -0.993816
11.43 -0.0443275 -0.999017
11.44 0.0226407 -0.999744
11.450000000000001 0.0895121 -0.995986
11.46 0.155934 -0.987767
11.47 0.221559 -0.975147
11.48 0.286049 -0.958215
11.49 0.349079 -0.937093
11.5 0.410339 -0.911933
11.51 0.469541 -0.882911
11.52 0.526416 -0.850227
11.53 0.580721 -0.814103
11.540000000000001 0.632237 -0.774775
11.55 0.680774 -0.732494
11.56 0.726165 -0.68752
11.57 0.768274 -0.640121
11.58 0.806988 -0.590568
11.59 0.842221 -0.539132
11.6 0.873912 -0.486084
11.61 0.902023 -0.431687
11.620000000000001 0.926538 -0.376202
11.63 0.947458 -0.31988
11.64 0.964806 -0.262962
11.65 0.978619 -0.20568
11.66 0.988949 -0.148253
11.67 0.995861 -0.0908904
11.68 0.999429 -0.0337873
11.69 0.999738 0.0228725
11.700000000000001 0.996881 0.0789179
11.71 0.990956 0.13419
11.72 0.982065 0.18854
11.73 0.970318 0.241834
11.74 0.955822 0.293946
11.75 0.93869 0.344761
11.76 0.919036 0.394174
11.77 0.896971 0.44209
11.78 0.872609 0.48842
11.790000000000001 0.846061 0.533085
11.8 0.81744 0.576014
11.81 0.786854 0.617139
11.82 0.754412 0.656401
11.83 0.720219 0.693746
11.84 0.684381 0.729124
11.85 0.646999 0.762491
11.86 0.608175 0.793803
11.870000000000001 0.568005 0.823025
11.88 0.526589 0.85012
11.89 0.48402 0.875057
11.9 0.440393 0.897805
11.91 0.395799 0.918337
11.92 0.35033 0.936626
11.93 0.304077 0.952647
11.94 0.257129 0.966377
11.950000000000001 0.209576 0.977792
11.96 0.161506 0.986872
11.97 0.113009 0.993594
11.98 0.0641754 0.997939
11.99 0.0150953 0.999886
12.0 -0.0341393 0.999417
12.01 -0.0834351 0.996513
12.02 -0.132697 0.991157
12.030000000000001 -0.181828 0.98333
12.040000000000001 -0.230727 0.973018
12.05 -0.279293 0.960206
12.06 -0.327419 0.944879
12.07 -0.374996 0.927027
12.08 -0.421909 0.906638
12.09 -0.468042 0.883706
12.1 -0.51327 0.858227
12.11 -0.557468 0.830199
12.120000000000001 -0.6005 0.799625
12.13 -0.642229 0.766513
12.14 -0.682511 0.730876
12.15 -0.721194 0.692733
12.16 -0.758122 0.652113
12.17 -0.793132 0.60905
12.18 -0.826056 0.563589
12.19 -0.856718 0.515785
12.200000000000001 -0.884939 0.465708
12.21 -0.910533 0.413436
12.22 -0.933311 0.359068
12.23 -0.953081 0.302715
12.24 -0.969647 0.244508
12.25 -0.982814 0.184597
12.26 -0.992388 0.123153
12.27 -0.998176 0.0603695
12.280000000000001 -0.999994 -0.00353675
12.290000000000001 -0.997663 -0.0683238
12.3 -0.991019 -0.133724
12.31 -0.979909 -0.199446
12.32 -0.964202 -0.265168
12.33 -0.943789 -0.330548
12.34 -0.918587 -0.395218
12.35 -0.888547 -0.458786
12.36 -0.853652 -0.520844
12.370000000000001 -0.813929 -0.580965
12.38 -0.769446 -0.638712
12.39 -0.720321 -0.693641
12.4 -0.666719 -0.745309
12.41 -0.60886 -0.793278
12.42 -0.547014 -0.837124
12.43 -0.481504 -0.876444
12.44 -0.412704 -0.910865
12.450000000000001 -0.341035 -0.940051
12.46 -0.26696 -0.963708
12.47 -0.190979 -0.981594
12.48 -0.113622 -0.993524
12.49 -0.03544 -0.999372
12.5 0.0430017 -0.999075
12.51 0.121136 -0.992636
12.52 0.198399 -0.980121
12.530000000000001 0.274244 -0.96166
12.540000000000001 0.348146 -0.93744
12.55 0.419609 -0.907705
12.56 0.488178 -0.872744
12.57 0.553437 -0.832891
12.58 0.615018 -0.788513
12.59 0.6726 -0.740006
12.6 0.725916 -0.687783
12.61 0.774746 -0.632273
12.620000000000001 0.81892 -0.573908
12.63 0.858317 -0.51312
12.64 0.892859 -0.450337
12.65 0.92251 -0.385974
12.66 0.947271 -0.320434
12.67 0.967178 -0.254101
12.68 0.982296 -0.187338
12.69 0.992715 -0.120489
12.700000000000001 0.998548 -0.0538734
12.71 0.999925 0.0122112
12.72 0.996993 0.077491
12.73 0.989908 0.141715
12.74 0.978835 0.204652
12.75 0.963947 0.266096
12.76 0.94542 0.325856
12.77 0.923432 0.383762
12.780000000000001 0.898163 0.439662
12.790000000000001 0.869792 0.493418
12.8 0.838496 0.544908
12.81 0.80445 0.59402
12.82 0.767826 0.640659
12.83 0.728792 0.684735
12.84 0.687514 0.726171
12.85 0.644154 0.764896
12.86 0.598869 0.800847
12.870000000000001 0.551813 0.833968
12.88 0.503137 0.864207
12.89 0.45299 0.891516
12.9 0.401516 0.915852
12.91 0.348859 0.937175
12.92 0.295159 0.955448
12.93 0.240557 0.970635
12.94 0.185192 0.982702
12.950000000000001 0.129202 0.991618
12.96 0.0727285 0.997352
12.97 0.0159108 0.999873
12.98 -0.0411081 0.999155
12.99 -0.098183 0.995168
13.0 -0.155166 0.987888
13.01 -0.211904 0.977291
13.02 -0.26824 0.963352
13.030000000000001 -0.324011 0.946053
13.040000000000001 -0.37905 0.925376
13.05 -0.43318 0.901308
13.06 -0.486216 0.873838
13.07 -0.537969 0.842965
13.08 -0.588235 0.80869
13.09 -0.636806 0.771024
13.1 -0.683459 0.729989
13.11 -0.727964 0.685615
13.120000000000001 -0.77008 0.637948
13.13 -0.809553 0.587047
13.14 -0.84612 0.532992
13.15 -0.879511 0.475879
13.16 -0.909442 0.415831
13.17 -0.935625 0.352995
13.18 -0.957767 0.287547
13.19 -0.975569 0.219695
13.200000000000001 -0.988734 0.149682
13.21 -0.99697 0.0777908
13.22 -0.999991 0.00434225
13.23 -0.997526 -0.0702988
13.24 -0.989325 -0.145723
13.25 -0.975165 -0.221478
13.26 -0.954858 -0.297063
13.27 -0.928258 -0.371938
13.280000000000001 -0.895272 -0.445521
13.290000000000001 -0.855867 -0.517196
13.3 -0.810081 -0.586319
13.31 -0.758025 -0.652225
13.32 -0.699897 -0.714244
13.33 -0.635979 -0.771706
13.34 -0.566648 -0.82396
13.35 -0.492369 -0.870387
13.36 -0.413695 -0.910416
13.370000000000001 -0.33126 -0.943539
13.38 -0.245774 -0.969327
13.39 -0.158004 -0.987438
13.4 -0.0687642 -0.997633
13.41 0.0211019 -0.999777
13.42 0.11074 -0.993849
13.43 0.199302 -0.979938
13.44 0.285965 -0.95824
13.450000000000001 0.369949 -0.929052
13.46 0.450528 -0.892762
13.47 0.527045 -0.849838
13.48 0.598918 -0.80081
13.49 0.665652 -0.746263
13.5 0.726834 -0.686813
13.51 0.782141 -0.623101
13.52 0.831332 -0.555776
13.530000000000001 0.874246 -0.485482
13.540000000000001 0.910799 -0.412851
13.55 0.94097 -0.338491
13.56 0.964801 -0.262982
13.57 0.982384 -0.186872
13.58 0.993857 -0.11067
13.59 0.999393 -0.0348459
13.6 0.999193 0.0401676
13.61 0.993483 0.113979
13.620000000000001 0.982506 0.186234
13.63 0.966514 0.256614
13.64 0.94577 0.324837
13.65 0.920539 0.39065
13.66 0.891089 0.453829
13.67 0.857682 0.51418
13.68 0.820582 0.571528
13.69 0.780046 0.625722
13.700000000000001 0.736324 0.676629
13.71 0.689663 0.724131
13.72 0.640301 0.768124
13.73 0.588471 0.808518
13.74 0.5344 0.845232
13.75 0.478308 0.878192
13.76 0.420412 0.907333
13.77 0.360924 0.932595
13.780000000000001 0.300051 0.953923
13.790000000000001 0.238001 0.971265
13.8 0.174977 0.984572
13.81 0.111184 0.9938
13.82 0.0468282 0.998903
13.83 -0.0178837 0.99984
13.84 -0.0827402 0.996571
13.85 -0.147525 0.989058
13.86 -0.212016 0.977266
13.870000000000001 -0.275983 0.961163
13.88 -0.339186 0.940719
13.89 -0.401377 0.915913
13.9 -0.462293 0.886727
13.91 -0.52166 0.853153
13.92 -0.579189 0.815194
13.93 -0.634574 0.772862
13.94 -0.687495 0.726189
13.950000000000001 -0.737614 0.675223
13.96 -0.784574 0.620035
13.97 -0.828003 0.560723
13.98 -0.867512 0.497416
13.99 -0.902697 0.430277
14.0 -0.93314 0.359513
14.01 -0.958415 0.285377
14.02 -0.978092 0.208173
14.030000000000001 -0.99174 0.128264
14.040000000000001 -0.998938 0.0460776
14.05 -0.999282 -0.0378931
14.06 -0.992396 -0.123083
14.07 -0.977947 -0.208853
14.08 -0.955654 -0.294493
14.09 -0.925306 -0.379222
14.1 -0.886779 -0.462194
14.11 -0.840049 -0.54251
14.120000000000001 -0.78521 -0.619229
14.13 -0.722485 -0.691387
14.14 -0.652235 -0.758017
14.15 -0.574969 -0.818175
14.16 -0.491344 -0.870965
14.17 -0.402158 -0.91557
14.18 -0.308339 -0.951276
14.19 -0.21093 -0.977501
14.200000000000001 -0.111061 -0.993814
14.21 -0.00992525 -0.999951
14.22 0.0912567 -0.995827
14.23 0.191268 -0.981538
14.24 0.288928 -0.957351
14.25 0.383123 -0.923697
14.26 0.472833 -0.881152
14.27 0.557152 -0.83041
14.280000000000001 0.635301 -0.772265
14.290000000000001 0.706637 -0.707576
14.3 0.770659 -0.637247
14.31 0.827001 -0.562201
14.32 0.875424 -0.483356
14.33 0.915812 -0.401607
14.34 0.948153 -0.317814
14.35 0.972527 -0.232789
14.36 0.989094 -0.147284
14.370000000000001 0.998077 -0.0619942
14.38 0.999748 0.0224501
14.39 0.994421 0.105481
14.4 0.982437 0.186593
14.41 0.964156 0.265336
14.42 0.939948 0.341317
14.43 0.91019 0.414191
14.44 0.875258 0.483657
14.450000000000001 0.835523 0.549456
14.46 0.791351 0.611362
14.47 0.7431 0.669181
14.48 0.691115 0.722745
14.49 0.635734 0.771908
14.5 0.577283 0.816544
14.51 0.51608 0.85654
14.52 0.452434 0.891798
14.530000000000001 0.386644 0.922229
14.540000000000001 0.319007 0.947752
14.55 0.249811 0.968295
14.56 0.179346 0.983786
14.57 0.107898 0.994162
14.58 0.0357562 0.999361
14.59 -0.0367873 0.999323
14.6 -0.109434 0.993994
14.61 -0.181877 0.983321
14.620000000000001 -0.253798 0.967257
14.63 -0.324867 0.94576
14.64 -0.394737 0.918794
14.65 -0.463042 0.886337
14.66 -0.529396 0.848375
14.67 -0.593393 0.804913
14.68 -0.654597 0.755978
14.69 -0.712551 0.70162
14.700000000000001 -0.76677 0.641922
14.71 -0.816739 0.577008
14.72 -0.861921 0.507043
14.73 -0.901753 0.432252
14.74 -0.935653 0.352921
14.75 -0.963026 0.269409
14.76 -0.983269 0.182161
14.77 -0.995786 0.0917114
14.780000000000001 -0.999999 -0.00130285
14.790000000000001 -0.995368 -0.0961366
14.8 -0.981408 -0.191933
14.81 -0.957714 -0.287721
14.82 -0.923988 -0.382422
14.83 -0.880062 -0.474859
14.84 -0.825931 -0.563772
14.85 -0.761772 -0.647845
14.86 -0.687971 -0.725738
14.870000000000001 -0.605133 -0.796124
14.88 -0.514092 -0.857735
14.89 -0.4159 -0.90941
14.9 -0.311818 -0.950142
14.91 -0.203278 -0.979121
14.92 -0.0918507 -0.995773
14.93 0.0208109 -0.999783
14.94 0.133022 -0.991113
14.950000000000001 0.243126 -0.969995
14.96 0.349543 -0.93692
14.97 0.450825 -0.892613
14.98 0.545686 -0.83799
14.99 0.633035 -0.774123
15.0 0.71199 -0.70219
15.01 0.781878 -0.623431
15.02 0.842235 -0.539111
15.030000000000001 0.892788 -0.450476
15.040000000000001 0.93344 -0.358735
15.05 0.964242 -0.265025
15.06 0.985374 -0.170406
15.07 0.99712 -0.0758455
15.08 0.999842 0.0177837
15.09 0.993964 0.109705
15.1 0.979952 0.199233
15.11 0.958298 0.285771
15.120000000000001 0.929508 0.368802
15.13 0.894094 0.44788
15.14 0.852563 0.522625
15.15 0.805415 0.592712
15.16 0.753137 0.657864
15.17 0.696202 0.717846
15.18 0.635068 0.772456
15.19 0.570177 0.821522
15.200000000000001 0.501956 0.864893
15.21 0.430821 0.902437
15.22 0.357176 0.934037
15.23 0.281417 0.959586
15.24 0.203935 0.978984
15.25 0.125121 0.992142
15.26 0.0453628 0.998971
15.27 -0.0349422 0.999389
15.280000000000001 -0.11539 0.99332
15.290000000000001 -0.195562 0.980691
15.3 -0.275025 0.961437
15.31 -0.353323 0.935501
15.32 -0.429975 0.902841
15.33 -0.50447 0.863429
15.34 -0.576266 0.817262
15.35 -0.644785 0.764364
15.36 -0.709408 0.704798
15.370000000000001 -0.769478 0.638674
15.38 -0.824296 0.566159
15.39 -0.873128 0.487491
15.4 -0.915202 0.402995
15.41 -0.949722 0.313095
15.42 -0.975875 0.218331
15.43 -0.992849 0.119376
15.44 -0.999855 0.0170496
15.450000000000001 -0.99615 -0.0876696
15.46 -0.981073 -0.193637
15.47 -0.954084 -0.29954
15.48 -0.914801 -0.403905
15.49 -0.863049 -0.50512
15.5 -0.798904 -0.601459
15.51 -0.722726 -0.691135
15.52 -0.635197 -0.77235
15.530000000000001 -0.53733 -0.843372
15.540000000000001 -0.430469 -0.902605
15.55 -0.316266 -0.948671
15.56 -0.196631 -0.980478
15.57 -0.073671 -0.997283
15.58 0.0503936 -0.998729
15.59 0.173319 -0.984866
15.6 0.292929 -0.956134
15.610000000000001 0.407196 -0.913341
15.620000000000001 0.514314 -0.857602
15.63 0.612745 -0.790281
15.64 0.701252 -0.712914
15.65 0.778908 -0.627138
15.66 0.845087 -0.534628
15.67 0.899445 -0.437034
15.68 0.941884 -0.335938
15.69 0.972519 -0.232822
15.700000000000001 0.991639 -0.129043
15.71 0.999667 -0.0258221
15.72 0.997126 0.0757578
15.73 0.984613 0.17475
15.74 0.962765 0.270338
15.75 0.932248 0.361821
15.76 0.89373 0.448605
15.77 0.847879 0.530189
15.780000000000001 0.795349 0.606152
15.790000000000001 0.736774 0.67614
15.8 0.672768 0.739854
15.81 0.603923 0.797043
15.82 0.53081 0.847491
15.83 0.453979 0.891013
15.84 0.373965 0.927443
15.85 0.29129 0.956635
15.860000000000001 0.20647 0.978453
15.870000000000001 0.120016 0.992772
15.88 0.0324418 0.999474
15.89 -0.0557287 0.998446
15.9 -0.143958 0.989584
15.91 -0.231687 0.97279
15.92 -0.318329 0.94798
15.93 -0.403264 0.915084
15.94 -0.48583 0.874053
15.950000000000001 -0.565321 0.824871
15.96 -0.640976 0.767561
15.97 -0.71198 0.7022
15.98 -0.77746 0.628932
15.99 -0.836484 0.547991
16.0 -0.888067 0.459715
16.01 -0.931174 0.364574
16.02 -0.964743 0.263192
16.03 -0.987698 0.156375
16.04 -0.998981 0.0451297
16.05 -0.997595 -0.0693098
16.06 -0.982649 -0.185473
16.07 -0.95342 -0.301647
16.080000000000002 -0.909414 -0.415892
16.09 -0.850443 -0.526067
16.1 -0.776685 -0.629889
16.11 -0.688747 -0.725001
16.12 -0.5877 -0.809079
16.13 -0.475092 -0.879936
16.14 -0.352926 -0.935651
16.15 -0.2236 -0.974681
16.16 -0.0898111 -0.995959
16.17 0.0455632 -0.998961
16.18 0.179608 -0.983738
16.19 0.309507 -0.950897
16.2 0.432675 -0.90155
16.21 0.546851 -0.83723
16.22 0.650174 -0.759785
16.23 0.741216 -0.671266
16.240000000000002 0.818981 -0.573821
16.25 0.882881 -0.469597
16.26 0.932696 -0.360664
16.27 0.968513 -0.248963
16.28 0.990673 -0.136262
16.29 0.999709 -0.0241411
16.3 0.996294 0.0860149
16.31 0.981197 0.19301
16.32 0.955242 0.295825
16.330000000000002 0.919281 0.393602
16.34 0.874169 0.485622
16.35 0.820749 0.571288
16.36 0.759844 0.650105
16.37 0.692246 0.721662
16.38 0.618718 0.785613
16.39 0.539992 0.84167
16.4 0.456777 0.889581
16.41 0.369754 0.92913
16.42 0.279592 0.960119
16.43 0.18695 0.982369
16.44 0.0924842 0.995714
16.45 -0.00314099 0.999995
16.46 -0.099245 0.995063
16.47 -0.195121 0.980779
16.48 -0.290028 0.957018
16.490000000000002 -0.383177 0.923675
16.5 -0.473724 0.880673
16.51 -0.560762 0.827977
16.52 -0.643308 0.765608
16.53 -0.720301 0.693661
16.54 -0.790599 0.612335
16.55 -0.852975 0.521953
16.56 -0.90613 0.423
16.57 -0.948706 0.316159
16.580000000000002 -0.979314 0.202348
16.59 -0.99657 0.0827548
16.6 -0.999154 -0.0411242
16.61 -0.985878 -0.167464
16.62 -0.955774 -0.294102
16.63 -0.908192 -0.418554
16.64 -0.842906 -0.538061
16.65 -0.760213 -0.649674
16.66 -0.661018 -0.75037
16.67 -0.546879 -0.837212
16.68 -0.42001 -0.90752
16.69 -0.28322 -0.959055
16.7 -0.139801 -0.99018
16.71 0.00664649 -0.999978
16.72 0.152412 -0.988317
16.73 0.293886 -0.95584
16.740000000000002 0.427752 -0.903896
16.75 0.551137 -0.834414
16.76 0.661722 -0.74975
16.77 0.757775 -0.652517
16.78 0.838155 -0.545432
16.79 0.902266 -0.431181
16.8 0.949979 -0.312314
16.81 0.981556 -0.191176
16.82 0.997556 -0.0698646
16.830000000000002 0.99876 0.0497847
16.84 0.986093 0.166197
16.85 0.960569 0.278043
16.86 0.923246 0.38421
16.87 0.875189 0.483781
16.88 0.817449 0.576001
16.89 0.751045 0.660251
16.9 0.676959 0.73602
16.91 0.596133 0.802885
16.92 0.509471 0.860488
16.93 0.417841 0.90852
16.94 0.322089 0.946709
16.95 0.223045 0.974808
16.96 0.121532 0.992587
16.97 0.0183839 0.999831
16.98 -0.085547 0.996334
16.990000000000002 -0.189372 0.981906
17.0 -0.292151 0.956372
17.01 -0.392882 0.919589
17.02 -0.490481 0.871452
17.03 -0.583773 0.811917
17.04 -0.671478 0.741024
17.05 -0.752202 0.658932
17.06 -0.824439 0.565951
17.07 -0.886571 0.462593
17.080000000000002 -0.936891 0.349621
17.09 -0.973637 0.228104
17.1 -0.99504 0.0994773
17.11 -0.999408 -0.0344124
17.12 -0.985225 -0.171267
17.13 -0.95128 -0.308328
17.14 -0.896816 -0.442405
17.150000000000002 -0.821678 -0.569951
17.16 -0.726464 -0.687205
17.17 -0.612619 -0.790378
17.18 -0.482488 -0.875903
17.19 -0.339266 -0.940691
17.2 -0.186867 -0.982385
17.21 -0.0297017 -0.999559
17.22 0.127608 -0.991825
17.23 0.280529 -0.959845
17.240000000000002 0.424904 -0.905239
17.25 0.557167 -0.8304
17.26 0.674493 -0.738281
17.27 0.774848 -0.632147
17.28 0.856974 -0.51536
17.29 0.920307 -0.391196
17.3 0.964873 -0.262717
17.31 0.991159 -0.132681
17.32 0.999994 -0.00351006
17.330000000000002 0.992441 0.122723
17.34 0.969706 0.244274
17.35 0.933068 0.359701
17.36 0.883824 0.467819
17.37 0.823259 0.567666
17.38 0.752617 0.658459
17.39 0.673096 0.739555
17.400000000000002 0.585841 0.810426
17.41 0.491949 0.870624
17.42 0.392478 0.919761
17.43 0.288459 0.957492
17.44 0.180908 0.9835
17.45 0.0708442 0.997487
17.46 -0.0406885 0.999172
17.47 -0.152606 0.988287
17.48 -0.263761 0.964588
17.490000000000002 -0.372921 0.927863
17.5 -0.478748 0.877952
17.51 -0.57978 0.814773
17.52 -0.674409 0.738358
17.53 -0.760874 0.648899
17.54 -0.837261 0.546804
17.55 -0.901507 0.432765
17.56 -0.951439 0.307837
17.57 -0.984831 0.173514
17.580000000000002 -0.999494 0.0318154
17.59 -0.993405 -0.114657
17.6 -0.964882 -0.262682
17.61 -0.912783 -0.408444
17.62 -0.836726 -0.547622
17.63 -0.737296 -0.67557
17.64 -0.616203 -0.787587
17.650000000000002 -0.476345 -0.879259
17.66 -0.321738 -0.946829
17.67 -0.157314 -0.987549
17.68 0.0114182 -0.999935
17.69 0.178779 -0.983889
17.7 0.339346 -0.940662
17.71 0.488317 -0.872666
17.72 0.621776 -0.783195
17.73 0.736818 -0.676091
17.740000000000002 0.831568 -0.555423
17.75 0.905092 -0.425217
17.76 0.957252 -0.289255
17.77 0.988542 -0.150948
17.78 0.999912 -0.0132707
17.79 0.992622 0.121249
17.8 0.968115 0.250505
17.81 0.927922 0.372773
17.82 0.873594 0.486656
17.830000000000002 0.806655 0.591023
17.84 0.728579 0.684962
17.85 0.640777 0.767727
17.86 0.544597 0.838698
17.87 0.441334 0.897343
17.88 0.332242 0.943194
17.89 0.218553 0.975825
17.900000000000002 0.101503 0.994835
17.91 -0.0176472 0.999844
17.92 -0.13758 0.990491
17.93 -0.256895 0.966439
17.94 -0.374075 0.927398
17.95 -0.487461 0.873145
17.96 -0.595217 0.803565
17.97 -0.695313 0.718707
17.98 -0.785511 0.618848
17.990000000000002 -0.863362 0.504585
18.0 -0.926241 0.376932
18.01 -0.971404 0.237433
18.02 -0.996096 0.0882817
18.03 -0.997714 -0.0675835
18.04 -0.974031 -0.226416
18.05 -0.92347 -0.383671
18.06 -0.84541 -0.534118
18.07 -0.74048 -0.672078
18.080000000000002 -0.610775 -0.791804
18.09 -0.459935 -0.887952
18.1 -0.29303 -0.956103
18.11 -0.116235 -0.993222
18.12 0.0636674 -0.997971
18.13 0.239864 -0.970807
18.14 0.406073 -0.913841
18.150000000000002 0.556989 -0.83052
18.16 0.688544 -0.725195
18.17 0.797991 -0.602669
18.18 0.883833 -0.467802
18.19 0.945642 -0.325209
18.2 0.983838 -0.179062
18.21 0.999456 -0.0329953
18.22 0.99394 0.109922
18.23 0.968976 0.247153
18.240000000000002 0.92636 0.37664
18.25 0.867909 0.496724
18.26 0.795406 0.606077
18.27 0.710569 0.703628
18.28 0.61504 0.788496
18.29 0.510386 0.859945
18.3 0.398121 0.917333
18.31 0.279719 0.960082
18.32 0.15665 0.987654
18.330000000000002 0.0304105 0.999537
18.34 -0.0974383 0.995242
18.35 -0.225231 0.974305
18.36 -0.351157 0.936316
18.37 -0.473216 0.880947
18.38 -0.589177 0.808004
18.39 -0.69655 0.717508
18.400000000000002 -0.792567 0.609785
18.41 -0.874185 0.485593
18.42 -0.938136 0.346267
18.43 -0.981026 0.193877
18.44 -0.999507 0.0313848
18.45 -0.990539 -0.137235
18.46 -0.951726 -0.306948
18.47 -0.881733 -0.471749
18.48 -0.780693 -0.624914
18.490000000000002 -0.650557 -0.759458
18.5 -0.49525 -0.868751
18.51 -0.320575 -0.947223
18.52 -0.133807 -0.991007
18.53 0.0569621 -0.998376
18.54 0.243606 -0.969874
18.55 0.418707 -0.908121
18.56 0.57613 -0.817358
18.57 0.711328 -0.702861
18.580000000000002 0.821403 -0.570348
18.59 0.904964 -0.425489
18.6 0.961858 -0.27355
18.61 0.992872 -0.119189
18.62 0.999435 0.0336241
18.63 0.983372 0.181604
18.64 0.946712 0.322083
18.650000000000002 0.89155 0.452923
18.66 0.819962 0.572419
18.67 0.733954 0.679199
18.68 0.635447 0.772145
18.69 0.526273 0.850316
18.7 0.408201 0.912892
18.71 0.282959 0.959132
18.72 0.152281 0.988337
18.73 0.0179462 0.999839
18.740000000000002 -0.118167 0.992994
18.75 -0.254027 0.967197
18.76 -0.387387 0.921917
18.77 -0.515733 0.85675
18.78 -0.636227 0.771502
18.79 -0.745674 0.666311
18.8 -0.84051 0.541796
18.81 -0.916845 0.399244
18.82 -0.970567 0.24083
18.830000000000002 -0.997559 0.0698302
18.84 -0.99402 -0.109199
18.85 -0.956923 -0.290343
18.86 -0.884558 -0.46643
18.87 -0.777099 -0.629378
18.88 -0.637045 -0.770826
18.89 -0.4694 -0.882986
18.900000000000002 -0.281459 -0.959573
18.91 -0.0821787 -0.996618
18.92 0.118765 -0.992922
18.93 0.312015 -0.950077
18.94 0.489437 -0.872039
18.95 0.644703 -0.764433
18.96 0.773527 -0.633763
18.97 0.873566 -0.486705
18.98 0.944128 -0.32958
18.990000000000002 0.985782 -0.168028
19.0 0.999976 -0.00686877
19.01 0.988699 0.149914
19.02 0.954222 0.299099
19.03 0.898919 0.438115
19.04 0.82515 0.564914
19.05 0.735198 0.677853
19.06 0.631247 0.775582
19.07 0.515388 0.856957
19.080000000000002 0.389645 0.920965
19.09 0.256019 0.966672
19.1 0.11654 0.993186
19.11 -0.0266684 0.999644
19.12 -0.171318 0.985216
19.13 -0.314879 0.949132
19.14 -0.4545 0.890747
19.150000000000002 -0.586935 0.809634
19.16 -0.708482 0.705729
19.17 -0.814956 0.579523
19.18 -0.901727 0.432307
19.19 -0.963847 0.266456
19.2 -0.996318 0.0857299
19.21 -0.994526 -0.104489
19.22 -0.954849 -0.297092
19.23 -0.875396 -0.483407
19.240000000000002 -0.756739 -0.653717
19.25 -0.602451 -0.798156
19.26 -0.419204 -0.907892
19.27 -0.216318 -0.976323
19.28 -0.00475019 -0.999989
19.29 0.204219 -0.978925
19.3 0.40028 -0.916393
19.31 0.575059 -0.818112
19.32 0.7226 -0.691266
19.330000000000002 0.839383 -0.54354
19.34 0.92401 -0.382368
19.35 0.976735 -0.214452
19.36 0.998963 -0.0455347
19.37 0.992818 0.119638
19.38 0.960801 0.27724
19.39 0.905557 0.424226
19.400000000000002 0.829724 0.558174
19.41 0.735861 0.677133
19.42 0.626414 0.779491
19.43 0.503736 0.863858
19.44 0.370122 0.928983
19.45 0.227865 0.973693
19.46 0.0793371 0.996848
19.47 -0.0729292 0.997337
19.48 -0.226139 0.974095
19.490000000000002 -0.37713 0.92616
19.5 -0.522271 0.85278
19.51 -0.657363 0.753574
19.52 -0.777591 0.62877
19.53 -0.877536 0.47951
19.54 -0.951314 0.308224
19.55 -0.992891 0.119025
19.56 -0.996637 -0.0819482
19.57 -0.958113 -0.286389
19.580000000000002 -0.875049 -0.484035
19.59 -0.748288 -0.663374
19.6 -0.582439 -0.812875
19.61 -0.385885 -0.922547
19.62 -0.170022 -0.98544
19.63 0.0521834 -0.998638
19.64 0.267919 -0.963442
19.650000000000002 0.46605 -0.884759
19.66 0.638092 -0.76996
19.67 0.778527 -0.627611
19.68 0.884586 -0.466378
19.69 0.95572 -0.294276
19.7 0.992981 -0.118274
19.71 0.99844 0.0558346
19.72 0.974734 0.223367
19.73 0.924742 0.380595
19.740000000000002 0.851375 0.524557
19.75 0.757475 0.652864
19.76 0.645769 0.763533
19.77 0.518886 0.854843
19.78 0.379404 0.925231
19.79 0.229924 0.973209
19.8 0.0731724 0.997319
19.81 -0.0878852 0.996131
19.82 -0.249911 0.968269
19.830000000000002 -0.409056 0.912509
19.84 -0.560817 0.82794
19.85 -0.699934 0.714207
19.86 -0.820341 0.571874
19.87 -0.915258 0.402869
19.88 -0.977484 0.211008
19.89 -0.999997 0.00249011
19.900000000000002 -0.976878 -0.213799
19.91 -0.904531 -0.426409
19.92 -0.782953 -0.622081
19.93 -0.616663 -0.787227
19.94 -0.414839 -0.909895
19.95 -0.190414 -0.981704
19.96 0.0417425 -0.999128
19.97 0.266988 -0.9637
19.98 0.472787 -0.881177
19.990000000000002 0.64983 -0.76008
20.0 0.792302 -0.610128
