    0.0000     1.0000     0.0000     0.0000     1.0000
    0.0100     1.0000     0.0100    -0.0100     0.9990
    0.0200     0.9998     0.0200    -0.0200     0.9978
    0.0300     0.9996     0.0300    -0.0300     0.9966
    0.0400     0.9992     0.0399    -0.0399     0.9952
    0.0500     0.9988     0.0499    -0.0499     0.9938
    0.0600     0.9982     0.0598    -0.0598     0.9922
    0.0700     0.9976     0.0697    -0.0697     0.9906
    0.0800     0.9968     0.0796    -0.0796     0.9888
    0.0900     0.9960     0.0895    -0.0895     0.9870
    0.1000     0.9950     0.0993    -0.0994     0.9851
    0.1100     0.9940     0.1092    -0.1092     0.9831
    0.1200     0.9928     0.1190    -0.1191     0.9809
    0.1300     0.9916     0.1288    -0.1289     0.9787
    0.1400     0.9903     0.1386    -0.1386     0.9764
    0.1500     0.9888     0.1483    -0.1484     0.9740
    0.1600     0.9873     0.1580    -0.1581     0.9715
    0.1700     0.9857     0.1677    -0.1679     0.9689
    0.1800     0.9839     0.1774    -0.1775     0.9662
    0.1900     0.9821     0.1871    -0.1872     0.9634
    0.2000     0.9802     0.1967    -0.1968     0.9605
    0.2100     0.9782     0.2063    -0.2064     0.9575
    0.2200     0.9761     0.2158    -0.2160     0.9545
    0.2300     0.9739     0.2254    -0.2256     0.9513
    0.2400     0.9715     0.2349    -0.2351     0.9480
    0.2500     0.9692     0.2443    -0.2445     0.9447
    0.2600     0.9667     0.2538    -0.2540     0.9413
    0.2700     0.9641     0.2632    -0.2634     0.9377
    0.2800     0.9614     0.2725    -0.2728     0.9341
    0.2900     0.9586     0.2818    -0.2821     0.9304
    0.3000     0.9557     0.2911    -0.2915     0.9266
    0.3100     0.9528     0.3004    -0.3007     0.9227
    0.3200     0.9497     0.3096    -0.3100     0.9187
    0.3300     0.9466     0.3187    -0.3192     0.9146
    0.3400     0.9433     0.3279    -0.3284     0.9105
    0.3500     0.9400     0.3370    -0.3375     0.9062
    0.3600     0.9366     0.3460    -0.3466     0.9019
    0.3700     0.9331     0.3550    -0.3556     0.8975
    0.3800     0.9295     0.3639    -0.3646     0.8930
    0.3900     0.9258     0.3728    -0.3736     0.8884
    0.4000     0.9220     0.3817    -0.3825     0.8837
    0.4100     0.9181     0.3905    -0.3914     0.8789
    0.4200     0.9142     0.3993    -0.4002     0.8741
    0.4300     0.9101     0.4080    -0.4090     0.8691
    0.4400     0.9060     0.4167    -0.4178     0.8641
    0.4500     0.9018     0.4253    -0.4265     0.8590
    0.4600     0.8975     0.4338    -0.4351     0.8538
    0.4700     0.8931     0.4424    -0.4437     0.8485
    0.4800     0.8886     0.4508    -0.4523     0.8431
    0.4900     0.8840     0.4592    -0.4608     0.8377
    0.5000     0.8794     0.4676    -0.4692     0.8322
    0.5100     0.8747     0.4759    -0.4777     0.8266
    0.5200     0.8698     0.4841    -0.4860     0.8209
    0.5300     0.8649     0.4923    -0.4943     0.8151
    0.5400     0.8600     0.5004    -0.5026     0.8092
    0.5500     0.8549     0.5085    -0.5108     0.8033
    0.5600     0.8497     0.5165    -0.5189     0.7973
    0.5700     0.8445     0.5244    -0.5270     0.7912
    0.5800     0.8392     0.5323    -0.5351     0.7850
    0.5900     0.8338     0.5401    -0.5431     0.7788
    0.6000     0.8283     0.5479    -0.5510     0.7725
    0.6100     0.8228     0.5556    -0.5589     0.7660
    0.6200     0.8172     0.5632    -0.5667     0.7596
    0.6300     0.8115     0.5708    -0.5745     0.7530
    0.6400     0.8057     0.5782    -0.5822     0.7464
    0.6500     0.7998     0.5857    -0.5899     0.7396
    0.6600     0.7939     0.5930    -0.5974     0.7329
    0.6700     0.7879     0.6003    -0.6050     0.7260
    0.6800     0.7818     0.6076    -0.6125     0.7190
    0.6900     0.7756     0.6147    -0.6199     0.7120
    0.7000     0.7694     0.6218    -0.6272     0.7049
    0.7100     0.7631     0.6288    -0.6345     0.6978
    0.7200     0.7567     0.6358    -0.6418     0.6905
    0.7300     0.7502     0.6426    -0.6489     0.6832
    0.7400     0.7437     0.6494    -0.6560     0.6758
    0.7500     0.7371     0.6561    -0.6631     0.6683
    0.7600     0.7304     0.6628    -0.6701     0.6608
    0.7700     0.7237     0.6694    -0.6770     0.6532
    0.7800     0.7169     0.6758    -0.6838     0.6455
    0.7900     0.7100     0.6823    -0.6906     0.6378
    0.8000     0.7031     0.6886    -0.6973     0.6299
    0.8100     0.6961     0.6949    -0.7040     0.6221
    0.8200     0.6890     0.7010    -0.7105     0.6141
    0.8300     0.6819     0.7071    -0.7171     0.6061
    0.8400     0.6747     0.7132    -0.7235     0.5979
    0.8500     0.6674     0.7191    -0.7299     0.5898
    0.8600     0.6601     0.7250    -0.7362     0.5815
    0.8700     0.6527     0.7307    -0.7424     0.5732
    0.8800     0.6452     0.7364    -0.7486     0.5648
    0.8900     0.6377     0.7420    -0.7547     0.5564
    0.9000     0.6301     0.7476    -0.7607     0.5479
    0.9100     0.6225     0.7530    -0.7666     0.5393
    0.9200     0.6148     0.7583    -0.7725     0.5306
    0.9300     0.6070     0.7636    -0.7783     0.5219
    0.9400     0.5992     0.7688    -0.7840     0.5131
    0.9500     0.5914     0.7739    -0.7897     0.5043
    0.9600     0.5834     0.7789    -0.7953     0.4954
    0.9700     0.5755     0.7838    -0.8008     0.4864
    0.9800     0.5674     0.7886    -0.8062     0.4773
    0.9900     0.5593     0.7933    -0.8115     0.4682
    1.0000     0.5512     0.7980    -0.8168     0.4590
    1.0100     0.5430     0.8025    -0.8220     0.4498
    1.0200     0.5348     0.8069    -0.8271     0.4405
    1.0300     0.5265     0.8113    -0.8321     0.4311
    1.0400     0.5181     0.8156    -0.8371     0.4217
    1.0500     0.5097     0.8197    -0.8420     0.4122
    1.0600     0.5013     0.8238    -0.8467     0.4026
    1.0700     0.4928     0.8278    -0.8514     0.3930
    1.0800     0.4842     0.8317    -0.8561     0.3833
    1.0900     0.4757     0.8355    -0.8606     0.3736
    1.1000     0.4670     0.8391    -0.8651     0.3637
    1.1100     0.4584     0.8427    -0.8694     0.3539
    1.1200     0.4496     0.8462    -0.8737     0.3439
    1.1300     0.4409     0.8496    -0.8779     0.3339
    1.1400     0.4321     0.8529    -0.8820     0.3239
    1.1500     0.4233     0.8561    -0.8860     0.3138
    1.1600     0.4144     0.8592    -0.8900     0.3036
    1.1700     0.4055     0.8622    -0.8938     0.2934
    1.1800     0.3965     0.8650    -0.8975     0.2831
    1.1900     0.3875     0.8678    -0.9012     0.2727
    1.2000     0.3785     0.8705    -0.9048     0.2623
    1.2100     0.3694     0.8731    -0.9083     0.2518
    1.2200     0.3603     0.8755    -0.9116     0.2413
    1.2300     0.3512     0.8779    -0.9149     0.2307
    1.2400     0.3420     0.8801    -0.9181     0.2200
    1.2500     0.3328     0.8823    -0.9212     0.2093
    1.2600     0.3236     0.8843    -0.9242     0.1986
    1.2700     0.3143     0.8863    -0.9271     0.1877
    1.2800     0.3050     0.8881    -0.9299     0.1769
    1.2900     0.2957     0.8898    -0.9326     0.1659
    1.3000     0.2864     0.8914    -0.9352     0.1549
    1.3100     0.2770     0.8929    -0.9377     0.1439
    1.3200     0.2676     0.8943    -0.9401     0.1328
    1.3300     0.2582     0.8955    -0.9424     0.1216
    1.3400     0.2488     0.8967    -0.9446     0.1104
    1.3500     0.2393     0.8978    -0.9467     0.0991
    1.3600     0.2299     0.8987    -0.9487     0.0878
    1.3700     0.2204     0.8995    -0.9506     0.0764
    1.3800     0.2108     0.9002    -0.9524     0.0650
    1.3900     0.2013     0.9008    -0.9540     0.0535
    1.4000     0.1918     0.9013    -0.9556     0.0420
    1.4100     0.1822     0.9017    -0.9570     0.0304
    1.4200     0.1726     0.9019    -0.9583     0.0187
    1.4300     0.1630     0.9020    -0.9596     0.0070
    1.4400     0.1534     0.9020    -0.9607    -0.0047
    1.4500     0.1438     0.9019    -0.9616    -0.0165
    1.4600     0.1342     0.9017    -0.9625    -0.0284
    1.4700     0.1246     0.9014    -0.9633    -0.0403
    1.4800     0.1149     0.9009    -0.9639    -0.0522
    1.4900     0.1053     0.9003    -0.9644    -0.0642
    1.5000     0.0956     0.8996    -0.9648    -0.0763
    1.5100     0.0860     0.8988    -0.9651    -0.0884
    1.5200     0.0763     0.8978    -0.9652    -0.1006
    1.5300     0.0667     0.8968    -0.9652    -0.1128
    1.5400     0.0570     0.8956    -0.9651    -0.1250
    1.5500     0.0474     0.8943    -0.9649    -0.1373
    1.5600     0.0377     0.8928    -0.9645    -0.1496
    1.5700     0.0281     0.8913    -0.9640    -0.1620
    1.5800     0.0185     0.8896    -0.9634    -0.1745
    1.5900     0.0088     0.8878    -0.9626    -0.1870
    1.6000    -0.0008     0.8859    -0.9617    -0.1995
    1.6100    -0.0104     0.8838    -0.9606    -0.2121
    1.6200    -0.0200     0.8816    -0.9595    -0.2247
    1.6300    -0.0296     0.8793    -0.9581    -0.2373
    1.6400    -0.0392     0.8769    -0.9567    -0.2500
    1.6500    -0.0487     0.8743    -0.9551    -0.2628
    1.6600    -0.0583     0.8716    -0.9533    -0.2756
    1.6700    -0.0678     0.8688    -0.9514    -0.2884
    1.6800    -0.0773     0.8659    -0.9494    -0.3012
    1.6900    -0.0868     0.8628    -0.9472    -0.3142
    1.7000    -0.0962     0.8596    -0.9448    -0.3271
    1.7100    -0.1057     0.8562    -0.9423    -0.3401
    1.7200    -0.1151     0.8528    -0.9396    -0.3531
    1.7300    -0.1245     0.8492    -0.9368    -0.3661
    1.7400    -0.1338     0.8454    -0.9338    -0.3792
    1.7500    -0.1431     0.8416    -0.9307    -0.3924
    1.7600    -0.1524     0.8376    -0.9273    -0.4055
    1.7700    -0.1617     0.8335    -0.9239    -0.4187
    1.7800    -0.1709     0.8292    -0.9202    -0.4319
    1.7900    -0.1801     0.8248    -0.9164    -0.4452
    1.8000    -0.1892     0.8203    -0.9124    -0.4585
    1.8100    -0.1983     0.8157    -0.9082    -0.4718
    1.8200    -0.2074     0.8109    -0.9039    -0.4851
    1.8300    -0.2164     0.8060    -0.8993    -0.4985
    1.8400    -0.2254     0.8009    -0.8946    -0.5119
    1.8500    -0.2343     0.7957    -0.8897    -0.5253
    1.8600    -0.2432     0.7904    -0.8846    -0.5387
    1.8700    -0.2520     0.7850    -0.8793    -0.5522
    1.8800    -0.2607     0.7794    -0.8738    -0.5656
    1.8900    -0.2695     0.7736    -0.8682    -0.5791
    1.9000    -0.2781     0.7678    -0.8623    -0.5926
    1.9100    -0.2867     0.7618    -0.8562    -0.6062
    1.9200    -0.2952     0.7557    -0.8500    -0.6197
    1.9300    -0.3037     0.7494    -0.8435    -0.6332
    1.9400    -0.3121     0.7430    -0.8368    -0.6468
    1.9500    -0.3204     0.7365    -0.8299    -0.6603
    1.9600    -0.3287     0.7298    -0.8227    -0.6739
    1.9700    -0.3369     0.7230    -0.8154    -0.6875
    1.9800    -0.3450     0.7160    -0.8078    -0.7010
    1.9900    -0.3530     0.7090    -0.8000    -0.7146
    2.0000    -0.3610     0.7017    -0.7920    -0.7282
    2.0100    -0.3689     0.6944    -0.7837    -0.7417
    2.0200    -0.3767     0.6869    -0.7752    -0.7553
    2.0300    -0.3844     0.6793    -0.7665    -0.7688
    2.0400    -0.3920     0.6715    -0.7575    -0.7823
    2.0500    -0.3995     0.6636    -0.7483    -0.7958
    2.0600    -0.4070     0.6556    -0.7388    -0.8093
    2.0700    -0.4143     0.6475    -0.7291    -0.8227
    2.0800    -0.4216     0.6392    -0.7191    -0.8362
    2.0900    -0.4287     0.6307    -0.7089    -0.8495
    2.1000    -0.4357     0.6222    -0.6984    -0.8629
    2.1100    -0.4427     0.6135    -0.6876    -0.8762
    2.1200    -0.4495     0.6047    -0.6765    -0.8895
    2.1300    -0.4562     0.5957    -0.6652    -0.9027
    2.1400    -0.4628     0.5866    -0.6536    -0.9159
    2.1500    -0.4693     0.5774    -0.6417    -0.9290
    2.1600    -0.4756     0.5680    -0.6295    -0.9421
    2.1700    -0.4818     0.5585    -0.6170    -0.9551
    2.1800    -0.4880     0.5489    -0.6043    -0.9680
    2.1900    -0.4939     0.5392    -0.5912    -0.9809
    2.2000    -0.4998     0.5293    -0.5778    -0.9937
    2.2100    -0.5055     0.5193    -0.5641    -1.0064
    2.2200    -0.5111     0.5092    -0.5501    -1.0189
    2.2300    -0.5165     0.4989    -0.5358    -1.0314
    2.2400    -0.5218     0.4885    -0.5211    -1.0438
    2.2500    -0.5269     0.4780    -0.5061    -1.0561
    2.2600    -0.5319     0.4674    -0.4908    -1.0683
    2.2700    -0.5367     0.4567    -0.4752    -1.0803
    2.2800    -0.5414     0.4458    -0.4592    -1.0922
    2.2900    -0.5459     0.4348    -0.4428    -1.1040
    2.3000    -0.5502     0.4237    -0.4262    -1.1156
    2.3100    -0.5544     0.4125    -0.4091    -1.1271
    2.3200    -0.5584     0.4012    -0.3917    -1.1384
    2.3300    -0.5623     0.3898    -0.3740    -1.1495
    2.3400    -0.5659     0.3782    -0.3558    -1.1604
    2.3500    -0.5694     0.3665    -0.3373    -1.1712
    2.3600    -0.5726     0.3548    -0.3185    -1.1817
    2.3700    -0.5757     0.3429    -0.2992    -1.1920
    2.3800    -0.5786     0.3309    -0.2796    -1.2021
    2.3900    -0.5813     0.3189    -0.2596    -1.2120
    2.4000    -0.5838     0.3067    -0.2392    -1.2216
    2.4100    -0.5861     0.2944    -0.2184    -1.2309
    2.4200    -0.5882     0.2821    -0.1972    -1.2400
    2.4300    -0.5901     0.2696    -0.1756    -1.2488
    2.4400    -0.5917     0.2571    -0.1536    -1.2572
    2.4500    -0.5931     0.2445    -0.1312    -1.2654
    2.4600    -0.5943     0.2318    -0.1084    -1.2732
    2.4700    -0.5953     0.2190    -0.0852    -1.2807
    2.4800    -0.5960     0.2062    -0.0615    -1.2878
    2.4900    -0.5965     0.1933    -0.0375    -1.2946
    2.5000    -0.5968     0.1803    -0.0131    -1.3009
    2.5100    -0.5968     0.1673     0.0118    -1.3069
    2.5200    -0.5965     0.1542     0.0371    -1.3124
    2.5300    -0.5960     0.1410     0.0628    -1.3174
    2.5400    -0.5953     0.1278     0.0889    -1.3220
    2.5500    -0.5943     0.1146     0.1154    -1.3261
    2.5600    -0.5930     0.1013     0.1423    -1.3297
    2.5700    -0.5914     0.0880     0.1696    -1.3327
    2.5800    -0.5896     0.0747     0.1973    -1.3352
    2.5900    -0.5875     0.0613     0.2254    -1.3372
    2.6000    -0.5851     0.0479     0.2539    -1.3385
    2.6100    -0.5824     0.0345     0.2827    -1.3392
    2.6200    -0.5794     0.0211     0.3120    -1.3393
    2.6300    -0.5761     0.0077     0.3416    -1.3387
    2.6400    -0.5726    -0.0056     0.3715    -1.3374
    2.6500    -0.5687    -0.0190     0.4019    -1.3354
    2.6600    -0.5645    -0.0323     0.4325    -1.3327
    2.6700    -0.5601    -0.0457     0.4635    -1.3292
    2.6800    -0.5553    -0.0589     0.4947    -1.3249
    2.6900    -0.5502    -0.0721     0.5263    -1.3198
    2.7000    -0.5447    -0.0853     0.5581    -1.3138
    2.7100    -0.5390    -0.0984     0.5902    -1.3069
    2.7200    -0.5329    -0.1114     0.6225    -1.2992
    2.7300    -0.5265    -0.1244     0.6550    -1.2905
    2.7400    -0.5198    -0.1373     0.6877    -1.2809
    2.7500    -0.5128    -0.1500     0.7205    -1.2703
    2.7600    -0.5054    -0.1627     0.7535    -1.2587
    2.7700    -0.4977    -0.1752     0.7866    -1.2460
    2.7800    -0.4897    -0.1876     0.8197    -1.2323
    2.7900    -0.4813    -0.1998     0.8529    -1.2175
    2.8000    -0.4726    -0.2119     0.8860    -1.2016
    2.8100    -0.4636    -0.2238     0.9191    -1.1846
    2.8200    -0.4542    -0.2356     0.9521    -1.1664
    2.8300    -0.4446    -0.2472     0.9850    -1.1471
    2.8400    -0.4345    -0.2585     1.0177    -1.1265
    2.8500    -0.4242    -0.2697     1.0502    -1.1048
    2.8600    -0.4135    -0.2806     1.0824    -1.0819
    2.8700    -0.4026    -0.2913     1.1143    -1.0577
    2.8800    -0.3913    -0.3018     1.1458    -1.0322
    2.8900    -0.3796    -0.3120     1.1769    -1.0056
    2.9000    -0.3677    -0.3219     1.2075    -0.9776
    2.9100    -0.3555    -0.3315     1.2375    -0.9484
    2.9200    -0.3430    -0.3408     1.2669    -0.9180
    2.9300    -0.3302    -0.3499     1.2956    -0.8863
    2.9400    -0.3171    -0.3586     1.3236    -0.8533
    2.9500    -0.3037    -0.3669     1.3508    -0.8192
    2.9600    -0.2901    -0.3749     1.3771    -0.7838
    2.9700    -0.2762    -0.3826     1.4025    -0.7472
    2.9800    -0.2620    -0.3899     1.4269    -0.7094
    2.9900    -0.2476    -0.3968     1.4502    -0.6705
    3.0000    -0.2330    -0.4033     1.4724    -0.6305
    3.0100    -0.2182    -0.4094     1.4934    -0.5894
    3.0200    -0.2032    -0.4151     1.5131    -0.5473
    3.0300    -0.1879    -0.4203     1.5315    -0.5042
    3.0400    -0.1725    -0.4251     1.5486    -0.4602
    3.0500    -0.1570    -0.4295     1.5642    -0.4152
    3.0600    -0.1413    -0.4334     1.5783    -0.3695
    3.0700    -0.1254    -0.4369     1.5908    -0.3230
    3.0800    -0.1094    -0.4399     1.6018    -0.2758
    3.0900    -0.0934    -0.4424     1.6111    -0.2280
    3.1000    -0.0772    -0.4445     1.6187    -0.1796
    3.1100    -0.0610    -0.4460     1.6247    -0.1308
    3.1200    -0.0447    -0.4471     1.6289    -0.0816
    3.1300    -0.0284    -0.4476     1.6313    -0.0321
    3.1400    -0.0121    -0.4477     1.6319     0.0177
    3.1500     0.0042    -0.4473     1.6307     0.0676
    3.1600     0.0205    -0.4464     1.6277     0.1175
    3.1700     0.0367    -0.4449     1.6229     0.1674
    3.1800     0.0529    -0.4430     1.6162     0.2172
    3.1900     0.0690    -0.4406     1.6077     0.2667
    3.2000     0.0851    -0.4377     1.5974     0.3160
    3.2100     0.1010    -0.4343     1.5853     0.3649
    3.2200     0.1168    -0.4304     1.5715     0.4133
    3.2300     0.1324    -0.4260     1.5558     0.4611
    3.2400     0.1479    -0.4212     1.5385     0.5083
    3.2500     0.1632    -0.4158     1.5195     0.5548
    3.2600     0.1783    -0.4101     1.4989     0.6005
    3.2700     0.1931    -0.4038     1.4766     0.6453
    3.2800     0.2078    -0.3972     1.4529     0.6893
    3.2900     0.2222    -0.3901     1.4276     0.7322
    3.3000     0.2363    -0.3825     1.4009     0.7740
    3.3100     0.2502    -0.3746     1.3728     0.8148
    3.3200     0.2638    -0.3662     1.3434     0.8544
    3.3300     0.2771    -0.3575     1.3127     0.8927
    3.3400     0.2900    -0.3484     1.2809     0.9299
    3.3500     0.3027    -0.3389     1.2479     0.9657
    3.3600     0.3150    -0.3291     1.2139     1.0002
    3.3700     0.3269    -0.3189     1.1788     1.0333
    3.3800     0.3386    -0.3084     1.1429     1.0651
    3.3900     0.3498    -0.2976     1.1061     1.0954
    3.4000     0.3607    -0.2865     1.0684     1.1243
    3.4100     0.3712    -0.2751     1.0301     1.1518
    3.4200     0.3813    -0.2635     0.9911     1.1778
    3.4300     0.3910    -0.2516     0.9515     1.2024
    3.4400     0.4003    -0.2395     0.9114     1.2255
    3.4500     0.4092    -0.2271     0.8708     1.2472
    3.4600     0.4177    -0.2145     0.8298     1.2673
    3.4700     0.4258    -0.2017     0.7885     1.2861
    3.4800     0.4335    -0.1888     0.7468     1.3034
    3.4900     0.4407    -0.1757     0.7049     1.3192
    3.5000     0.4476    -0.1624     0.6629     1.3336
    3.5100     0.4540    -0.1490     0.6207     1.3466
    3.5200     0.4600    -0.1355     0.5784     1.3583
    3.5300     0.4656    -0.1219     0.5361     1.3685
    3.5400     0.4707    -0.1081     0.4938     1.3774
    3.5500     0.4754    -0.0943     0.4515     1.3850
    3.5600     0.4797    -0.0804     0.4093     1.3912
    3.5700     0.4836    -0.0665     0.3673     1.3962
    3.5800     0.4871    -0.0525     0.3254     1.3999
    3.5900     0.4901    -0.0385     0.2838     1.4023
    3.6000     0.4928    -0.0245     0.2424     1.4035
    3.6100     0.4950    -0.0105     0.2012     1.4036
    3.6200     0.4968     0.0036     0.1604     1.4025
    3.6300     0.4982     0.0176     0.1199     1.4002
    3.6400     0.4992     0.0316     0.0797     1.3968
    3.6500     0.4998     0.0455     0.0399     1.3924
    3.6600     0.5000     0.0594     0.0005     1.3868
    3.6700     0.4998     0.0733    -0.0385     1.3803
    3.6800     0.4992     0.0870    -0.0770     1.3727
    3.6900     0.4983     0.1007    -0.1150     1.3642
    3.7000     0.4969     0.1143    -0.1526     1.3547
    3.7100     0.4952     0.1278    -0.1897     1.3442
    3.7200     0.4931     0.1412    -0.2263     1.3329
    3.7300     0.4907     0.1544    -0.2624     1.3206
    3.7400     0.4879     0.1676    -0.2979     1.3075
    3.7500     0.4847     0.1806    -0.3329     1.2936
    3.7600     0.4812     0.1935    -0.3673     1.2788
    3.7700     0.4774     0.2062    -0.4011     1.2633
    3.7800     0.4732     0.2187    -0.4344     1.2470
    3.7900     0.4687     0.2311    -0.4671     1.2299
    3.8000     0.4639     0.2433    -0.4992     1.2121
    3.8100     0.4587     0.2553    -0.5307     1.1936
    3.8200     0.4533     0.2672    -0.5615     1.1744
    3.8300     0.4475     0.2788    -0.5918     1.1546
    3.8400     0.4414     0.2903    -0.6214     1.1341
    3.8500     0.4351     0.3015    -0.6504     1.1129
    3.8600     0.4284     0.3125    -0.6788     1.0912
    3.8700     0.4215     0.3233    -0.7066     1.0688
    3.8800     0.4143     0.3339    -0.7337     1.0459
    3.8900     0.4068     0.3442    -0.7601     1.0224
    3.9000     0.3991     0.3543    -0.7859     0.9984
    3.9100     0.3911     0.3642    -0.8111     0.9738
    3.9200     0.3829     0.3738    -0.8356     0.9487
    3.9300     0.3744     0.3832    -0.8594     0.9231
    3.9400     0.3657     0.3923    -0.8826     0.8970
    3.9500     0.3568     0.4011    -0.9051     0.8704
    3.9600     0.3476     0.4097    -0.9269     0.8434
    3.9700     0.3382     0.4180    -0.9480     0.8159
    3.9800     0.3286     0.4260    -0.9685     0.7879
    3.9900     0.3189     0.4337    -0.9883     0.7596
    4.0000     0.3089     0.4412    -1.0074     0.7308
    4.0100     0.2987     0.4483    -1.0259     0.7016
    4.0200     0.2884     0.4552    -1.0436     0.6720
    4.0300     0.2778     0.4618    -1.0606     0.6421
    4.0400     0.2672     0.4681    -1.0770     0.6117
    4.0500     0.2563     0.4740    -1.0926     0.5810
    4.0600     0.2453     0.4797    -1.1076     0.5499
    4.0700     0.2342     0.4850    -1.1218     0.5185
    4.0800     0.2229     0.4900    -1.1353     0.4868
    4.0900     0.2115     0.4948    -1.1481     0.4547
    4.1000     0.1999     0.4991    -1.1602     0.4223
    4.1100     0.1883     0.5032    -1.1715     0.3896
    4.1200     0.1765     0.5069    -1.1821     0.3566
    4.1300     0.1646     0.5103    -1.1920     0.3234
    4.1400     0.1527     0.5134    -1.2011     0.2898
    4.1500     0.1406     0.5161    -1.2094     0.2559
    4.1600     0.1285     0.5185    -1.2170     0.2218
    4.1700     0.1163     0.5206    -1.2239     0.1874
    4.1800     0.1040     0.5223    -1.2299     0.1528
    4.1900     0.0917     0.5236    -1.2352     0.1179
    4.2000     0.0793     0.5246    -1.2396     0.0828
    4.2100     0.0669     0.5253    -1.2433     0.0475
    4.2200     0.0544     0.5256    -1.2462     0.0120
    4.2300     0.0420     0.5255    -1.2482    -0.0238
    4.2400     0.0295     0.5251    -1.2494    -0.0598
    4.2500     0.0170     0.5243    -1.2498    -0.0959
    4.2600     0.0045     0.5232    -1.2492    -0.1322
    4.2700    -0.0080     0.5217    -1.2479    -0.1687
    4.2800    -0.0205     0.5198    -1.2456    -0.2054
    4.2900    -0.0329     0.5176    -1.2425    -0.2422
    4.3000    -0.0453     0.5150    -1.2384    -0.2791
    4.3100    -0.0577     0.5120    -1.2334    -0.3162
    4.3200    -0.0700     0.5086    -1.2275    -0.3534
    4.3300    -0.0822     0.5049    -1.2206    -0.3907
    4.3400    -0.0944     0.5008    -1.2128    -0.4281
    4.3500    -0.1065     0.4963    -1.2039    -0.4655
    4.3600    -0.1185     0.4915    -1.1941    -0.5030
    4.3700    -0.1303     0.4863    -1.1832    -0.5406
    4.3800    -0.1421     0.4807    -1.1713    -0.5782
    4.3900    -0.1538     0.4747    -1.1583    -0.6158
    4.4000    -0.1653     0.4684    -1.1442    -0.6534
    4.4100    -0.1766     0.4617    -1.1290    -0.6909
    4.4200    -0.1879     0.4546    -1.1127    -0.7285
    4.4300    -0.1989     0.4471    -1.0952    -0.7659
    4.4400    -0.2098     0.4392    -1.0765    -0.8033
    4.4500    -0.2204     0.4310    -1.0566    -0.8405
    4.4600    -0.2309     0.4224    -1.0355    -0.8776
    4.4700    -0.2411     0.4135    -1.0131    -0.9145
    4.4800    -0.2511     0.4041    -0.9895    -0.9512
    4.4900    -0.2609     0.3944    -0.9645    -0.9876
    4.5000    -0.2704     0.3844    -0.9382    -1.0238
    4.5100    -0.2797     0.3740    -0.9105    -1.0596
    4.5200    -0.2886     0.3632    -0.8814    -1.0951
    4.5300    -0.2973     0.3521    -0.8509    -1.1302
    4.5400    -0.3056     0.3406    -0.8189    -1.1648
    4.5500    -0.3137     0.3288    -0.7855    -1.1990
    4.5600    -0.3213     0.3166    -0.7505    -1.2325
    4.5700    -0.3287     0.3041    -0.7139    -1.2655
    4.5800    -0.3356     0.2913    -0.6758    -1.2977
    4.5900    -0.3422     0.2782    -0.6361    -1.3293
    4.6000    -0.3483     0.2647    -0.5947    -1.3600
    4.6100    -0.3541     0.2510    -0.5517    -1.3898
    4.6200    -0.3593     0.2369    -0.5070    -1.4186
    4.6300    -0.3642     0.2226    -0.4605    -1.4463
    4.6400    -0.3685     0.2080    -0.4124    -1.4729
    4.6500    -0.3724     0.1932    -0.3624    -1.4983
    4.6600    -0.3758     0.1781    -0.3107    -1.5222
    4.6700    -0.3786     0.1627    -0.2573    -1.5447
    4.6800    -0.3809     0.1472    -0.2020    -1.5656
    4.6900    -0.3827     0.1314    -0.1450    -1.5848
    4.7000    -0.3838     0.1155    -0.0862    -1.6021
    4.7100    -0.3844     0.0994    -0.0256    -1.6174
    4.7200    -0.3843     0.0832     0.0367    -1.6306
    4.7300    -0.3836     0.0668     0.1008    -1.6415
    4.7400    -0.3823     0.0503     0.1665    -1.6499
    4.7500    -0.3803     0.0338     0.2338    -1.6557
    4.7600    -0.3776     0.0172     0.3027    -1.6587
    4.7700    -0.3742     0.0007     0.3730    -1.6587
    4.7800    -0.3701    -0.0159     0.4447    -1.6556
    4.7900    -0.3653    -0.0324     0.5177    -1.6491
    4.8000    -0.3598    -0.0489     0.5917    -1.6391
    4.8100    -0.3535    -0.0652     0.6667    -1.6253
    4.8200    -0.3464    -0.0814     0.7426    -1.6077
    4.8300    -0.3386    -0.0973     0.8189    -1.5860
    4.8400    -0.3301    -0.1131     0.8957    -1.5600
    4.8500    -0.3207    -0.1285     0.9725    -1.5296
    4.8600    -0.3106    -0.1436     1.0491    -1.4946
    4.8700    -0.2997    -0.1584     1.1253    -1.4549
    4.8800    -0.2881    -0.1727     1.2006    -1.4103
    4.8900    -0.2757    -0.1866     1.2748    -1.3609
    4.9000    -0.2626    -0.1999     1.3474    -1.3065
    4.9100    -0.2488    -0.2127     1.4181    -1.2471
    4.9200    -0.2343    -0.2248     1.4864    -1.1827
    4.9300    -0.2191    -0.2363     1.5518    -1.1135
    4.9400    -0.2033    -0.2471     1.6141    -1.0393
    4.9500    -0.1868    -0.2571     1.6726    -0.9606
    4.9600    -0.1698    -0.2663     1.7270    -0.8773
    4.9700    -0.1523    -0.2746     1.7768    -0.7898
    4.9800    -0.1343    -0.2820     1.8217    -0.6985
    4.9900    -0.1159    -0.2885     1.8612    -0.6036
    5.0000    -0.0971    -0.2941     1.8950    -0.5055
    5.0100    -0.0780    -0.2986     1.9227    -0.4047
    5.0200    -0.0587    -0.3022     1.9441    -0.3018
    5.0300    -0.0392    -0.3047     1.9590    -0.1971
    5.0400    -0.0195    -0.3061     1.9672    -0.0914
    5.0500     0.0001    -0.3065     1.9686     0.0150
    5.0600     0.0198    -0.3058     1.9631     0.1213
    5.0700     0.0394    -0.3041     1.9509     0.2270
    5.0800     0.0588    -0.3013     1.9320     0.3316
    5.0900     0.0780    -0.2974     1.9065     0.4345
    5.1000     0.0969    -0.2926     1.8746     0.5351
    5.1100     0.1154    -0.2868     1.8366     0.6331
    5.1200     0.1336    -0.2800     1.7929     0.7279
    5.1300     0.1513    -0.2722     1.7437     0.8191
    5.1400     0.1684    -0.2636     1.6893     0.9064
    5.1500     0.1850    -0.2541     1.6304     0.9894
    5.1600     0.2010    -0.2438     1.5671     1.0679
    5.1700     0.2163    -0.2328     1.5000     1.1417
    5.1800     0.2310    -0.2210     1.4294     1.2106
    5.1900     0.2449    -0.2086     1.3558     1.2745
    5.2000     0.2581    -0.1956     1.2797     1.3333
    5.2100     0.2705    -0.1819     1.2014     1.3870
    5.2200     0.2821    -0.1678     1.1213     1.4355
    5.2300     0.2929    -0.1533     1.0398     1.4790
    5.2400     0.3029    -0.1383     0.9572     1.5174
    5.2500     0.3121    -0.1229     0.8739     1.5509
    5.2600     0.3204    -0.1073     0.7901     1.5795
    5.2700     0.3279    -0.0914     0.7062     1.6034
    5.2800     0.3345    -0.0752     0.6225     1.6227
    5.2900     0.3403    -0.0589     0.5391     1.6375
    5.3000     0.3453    -0.0425     0.4563     1.6481
    5.3100     0.3494    -0.0260     0.3742     1.6545
    5.3200     0.3528    -0.0094     0.2931     1.6569
    5.3300     0.3553     0.0071     0.2131     1.6555
    5.3400     0.3570     0.0236     0.1344     1.6504
    5.3500     0.3580     0.0401     0.0570     1.6419
    5.3600     0.3582     0.0565    -0.0188     1.6300
    5.3700     0.3576     0.0727    -0.0931     1.6150
    5.3800     0.3563     0.0888    -0.1658     1.5969
    5.3900     0.3543     0.1046    -0.2367     1.5760
    5.4000     0.3516     0.1203    -0.3058     1.5523
    5.4100     0.3482     0.1356    -0.3731     1.5260
    5.4200     0.3442     0.1508    -0.4385     1.4973
    5.4300     0.3395     0.1656    -0.5020     1.4662
    5.4400     0.3341     0.1801    -0.5635     1.4329
    5.4500     0.3282     0.1942    -0.6231     1.3975
    5.4600     0.3217     0.2080    -0.6806     1.3601
    5.4700     0.3146     0.2214    -0.7361     1.3208
    5.4800     0.3070     0.2344    -0.7896     1.2797
    5.4900     0.2988     0.2470    -0.8411     1.2369
    5.5000     0.2902     0.2592    -0.8905     1.1925
    5.5100     0.2810     0.2709    -0.9379     1.1465
    5.5200     0.2714     0.2821    -0.9832     1.0991
    5.5300     0.2614     0.2928    -1.0264     1.0503
    5.5400     0.2509     0.3031    -1.0676     1.0001
    5.5500     0.2400     0.3128    -1.1067     0.9487
    5.5600     0.2288     0.3220    -1.1437     0.8962
    5.5700     0.2172     0.3307    -1.1786     0.8425
    5.5800     0.2052     0.3389    -1.2115     0.7877
    5.5900     0.1929     0.3465    -1.2422     0.7319
    5.6000     0.1804     0.3535    -1.2708     0.6751
    5.6100     0.1675     0.3600    -1.2974     0.6174
    5.6200     0.1544     0.3659    -1.3218     0.5589
    5.6300     0.1411     0.3712    -1.3440     0.4995
    5.6400     0.1276     0.3759    -1.3642     0.4393
    5.6500     0.1138     0.3799    -1.3821     0.3784
    5.6600     0.0999     0.3834    -1.3979     0.3168
    5.6700     0.0859     0.3863    -1.4114     0.2545
    5.6800     0.0717     0.3885    -1.4228     0.1916
    5.6900     0.0574     0.3901    -1.4318     0.1281
    5.7000     0.0431     0.3911    -1.4386     0.0641
    5.7100     0.0287     0.3914    -1.4431    -0.0005
    5.7200     0.0142     0.3911    -1.4452    -0.0654
    5.7300    -0.0002     0.3901    -1.4450    -0.1309
    5.7400    -0.0146     0.3884    -1.4423    -0.1966
    5.7500    -0.0290     0.3861    -1.4371    -0.2627
    5.7600    -0.0434     0.3832    -1.4294    -0.3291
    5.7700    -0.0576     0.3796    -1.4191    -0.3957
    5.7800    -0.0717     0.3753    -1.4061    -0.4625
    5.7900    -0.0857     0.3703    -1.3905    -0.5293
    5.8000    -0.0995     0.3647    -1.3721    -0.5963
    5.8100    -0.1132     0.3584    -1.3509    -0.6632
    5.8200    -0.1265     0.3514    -1.3268    -0.7300
    5.8300    -0.1397     0.3438    -1.2996    -0.7966
    5.8400    -0.1525     0.3355    -1.2695    -0.8629
    5.8500    -0.1650     0.3265    -1.2361    -0.9289
    5.8600    -0.1772     0.3169    -1.1996    -0.9944
    5.8700    -0.1890     0.3066    -1.1597    -1.0592
    5.8800    -0.2004     0.2957    -1.1164    -1.1234
    5.8900    -0.2113     0.2842    -1.0695    -1.1867
    5.9000    -0.2218     0.2720    -1.0190    -1.2489
    5.9100    -0.2317     0.2592    -0.9648    -1.3100
    5.9200    -0.2411     0.2458    -0.9068    -1.3696
    5.9300    -0.2498     0.2318    -0.8449    -1.4276
    5.9400    -0.2579     0.2173    -0.7789    -1.4838
    5.9500    -0.2654     0.2022    -0.7088    -1.5379
    5.9600    -0.2721     0.1865    -0.6345    -1.5895
    5.9700    -0.2780     0.1704    -0.5560    -1.6385
    5.9800    -0.2832     0.1538    -0.4731    -1.6844
    5.9900    -0.2875     0.1367    -0.3858    -1.7269
    6.0000    -0.2909     0.1192    -0.2941    -1.7656
    6.0100    -0.2933     0.1014    -0.1980    -1.8000
    6.0200    -0.2948     0.0833    -0.0976    -1.8297
    6.0300    -0.2953     0.0648     0.0072    -1.8541
    6.0400    -0.2947     0.0462     0.1160    -1.8728
    6.0500    -0.2929     0.0274     0.2289    -1.8851
    6.0600    -0.2901     0.0085     0.3454    -1.8904
    6.0700    -0.2860    -0.0103     0.4654    -1.8881
    6.0800    -0.2807    -0.0292     0.5883    -1.8776
    6.0900    -0.2742    -0.0479     0.7136    -1.8583
    6.1000    -0.2665    -0.0663     0.8408    -1.8294
    6.1100    -0.2574    -0.0844     0.9690    -1.7905
    6.1200    -0.2471    -0.1020     1.0974    -1.7408
    6.1300    -0.2355    -0.1192     1.2250    -1.6801
    6.1400    -0.2226    -0.1356     1.3507    -1.6078
    6.1500    -0.2085    -0.1512     1.4732    -1.5238
    6.1600    -0.1931    -0.1660     1.5912    -1.4279
    6.1700    -0.1767    -0.1797     1.7033    -1.3202
    6.1800    -0.1591    -0.1924     1.8079    -1.2010
    6.1900    -0.1406    -0.2037     1.9036    -1.0709
    6.2000    -0.1211    -0.2137     1.9890    -0.9307
    6.2100    -0.1008    -0.2223     2.0625    -0.7813
    6.2200    -0.0799    -0.2293     2.1230    -0.6241
    6.2300    -0.0584    -0.2347     2.1695    -0.4606
    6.2400    -0.0366    -0.2385     2.2010    -0.2924
    6.2500    -0.0145    -0.2406     2.2170    -0.1213
    6.2600     0.0077    -0.2409     2.2172     0.0507
    6.2700     0.0298    -0.2396     2.2017     0.2217
    6.2800     0.0516    -0.2365     2.1707     0.3899
    6.2900     0.0731    -0.2318     2.1248     0.5535
    6.3000     0.0941    -0.2255     2.0649     0.7109
    6.3100     0.1143    -0.2176     1.9921     0.8607
    6.3200     0.1338    -0.2083     1.9075     1.0016
    6.3300     0.1524    -0.1976     1.8124     1.1327
    6.3400     0.1700    -0.1857     1.7083     1.2531
    6.3500     0.1866    -0.1726     1.5965     1.3625
    6.3600     0.2019    -0.1585     1.4784     1.4604
    6.3700     0.2161    -0.1435     1.3554     1.5467
    6.3800     0.2290    -0.1276     1.2286     1.6216
    6.3900     0.2407    -0.1111     1.0993     1.6850
    6.4000     0.2510    -0.0940     0.9684     1.7375
    6.4100     0.2600    -0.0764     0.8370     1.7792
    6.4200     0.2677    -0.0584     0.7059     1.8107
    6.4300     0.2742    -0.0402     0.5758     1.8325
    6.4400     0.2793    -0.0218     0.4474     1.8450
    6.4500     0.2831    -0.0034     0.3211     1.8488
    6.4600     0.2857     0.0151     0.1975     1.8444
    6.4700     0.2871     0.0335     0.0769     1.8323
    6.4800     0.2873     0.0517    -0.0403     1.8131
    6.4900     0.2863     0.0697    -0.1539     1.7872
    6.5000     0.2842     0.0874    -0.2636     1.7552
    6.5100     0.2810     0.1048    -0.3694     1.7174
    6.5200     0.2768     0.1217    -0.4711     1.6742
    6.5300     0.2716     0.1382    -0.5685     1.6261
    6.5400     0.2655     0.1542    -0.6617     1.5734
    6.5500     0.2584     0.1697    -0.7506     1.5165
    6.5600     0.2505     0.1846    -0.8351     1.4557
    6.5700     0.2417     0.1988    -0.9152     1.3912
    6.5800     0.2322     0.2124    -0.9909     1.3233
    6.5900     0.2220     0.2252    -1.0622     1.2523
    6.6000     0.2110     0.2374    -1.1291     1.1784
    6.6100     0.1994     0.2488    -1.1916     1.1019
    6.6200     0.1872     0.2594    -1.2497     1.0228
    6.6300     0.1744     0.2692    -1.3034     0.9414
    6.6400     0.1611     0.2782    -1.3528     0.8579
    6.6500     0.1474     0.2864    -1.3977     0.7724
    6.6600     0.1332     0.2937    -1.4382     0.6850
    6.6700     0.1186     0.3001    -1.4742     0.5959
    6.6800     0.1037     0.3056    -1.5058     0.5052
    6.6900     0.0886     0.3102    -1.5329     0.4131
    6.7000     0.0731     0.3138    -1.5555     0.3197
    6.7100     0.0575     0.3166    -1.5735     0.2250
    6.7200     0.0417     0.3183    -1.5868     0.1292
    6.7300     0.0258     0.3191    -1.5955     0.0324
    6.7400     0.0098     0.3190    -1.5993    -0.0653
    6.7500    -0.0062     0.3178    -1.5983    -0.1637
    6.7600    -0.0222     0.3157    -1.5922    -0.2627
    6.7700    -0.0380     0.3126    -1.5811    -0.3623
    6.7800    -0.0538     0.3084    -1.5647    -0.4622
    6.7900    -0.0693     0.3033    -1.5429    -0.5622
    6.8000    -0.0846     0.2972    -1.5155    -0.6623
    6.8100    -0.0996     0.2901    -1.4825    -0.7623
    6.8200    -0.1142     0.2820    -1.4435    -0.8618
    6.8300    -0.1284     0.2728    -1.3984    -0.9607
    6.8400    -0.1421     0.2627    -1.3470    -1.0587
    6.8500    -0.1553     0.2517    -1.2891    -1.1555
    6.8600    -0.1679     0.2396    -1.2244    -1.2508
    6.8700    -0.1798     0.2267    -1.1526    -1.3441
    6.8800    -0.1909     0.2128    -1.0736    -1.4351
    6.8900    -0.2012     0.1980    -0.9870    -1.5232
    6.9000    -0.2106     0.1823    -0.8928    -1.6078
    6.9100    -0.2190     0.1658    -0.7905    -1.6884
    6.9200    -0.2264     0.1486    -0.6800    -1.7641
    6.9300    -0.2326     0.1306    -0.5612    -1.8342
    6.9400    -0.2376     0.1119    -0.4340    -1.8977
    6.9500    -0.2412     0.0927    -0.2983    -1.9536
    6.9600    -0.2435     0.0729    -0.1541    -2.0008
    6.9700    -0.2443     0.0527    -0.0017    -2.0380
    6.9800    -0.2435     0.0322     0.1585    -2.0639
    6.9900    -0.2411     0.0115     0.3261    -2.0769
    7.0000    -0.2369    -0.0093     0.5002    -2.0757
    7.0100    -0.2310    -0.0299     0.6798    -2.0585
    7.0200    -0.2233    -0.0503     0.8634    -2.0239
    7.0300    -0.2137    -0.0703     1.0493    -1.9703
    7.0400    -0.2023    -0.0897     1.2353    -1.8964
    7.0500    -0.1891    -0.1081     1.4188    -1.8011
    7.0600    -0.1740    -0.1256     1.5970    -1.6837
    7.0700    -0.1572    -0.1417     1.7664    -1.5440
    7.0800    -0.1387    -0.1563     1.9235    -1.3823
    7.0900    -0.1188    -0.1692     2.0648    -1.1999
    7.1000    -0.0975    -0.1802     2.1867    -0.9984
    7.1100    -0.0751    -0.1891     2.2858    -0.7807
    7.1200    -0.0519    -0.1958     2.3593    -0.5501
    7.1300    -0.0281    -0.2001     2.4052    -0.3107
    7.1400    -0.0040    -0.2020     2.4223    -0.0668
    7.1500     0.0202    -0.2014     2.4100     0.1770
    7.1600     0.0441    -0.1985     2.3691     0.4162
    7.1700     0.0674    -0.1931     2.3010     0.6464
    7.1800     0.0900    -0.1856     2.2080     0.8641
    7.1900     0.1115    -0.1759     2.0927     1.0660
    7.2000     0.1318    -0.1644     1.9584     1.2499
    7.2100     0.1506    -0.1510     1.8084     1.4141
    7.2200     0.1679    -0.1362     1.6459     1.5576
    7.2300     0.1835    -0.1200     1.4741     1.6801
    7.2400     0.1973    -0.1027     1.2960     1.7817
    7.2500     0.2094    -0.0845     1.1142     1.8630
    7.2600     0.2196    -0.0655     0.9310     1.9248
    7.2700     0.2280    -0.0461     0.7484     1.9682
    7.2800     0.2346    -0.0262     0.5680     1.9943
    7.2900     0.2394    -0.0063     0.3913     2.0044
    7.3000     0.2424     0.0138     0.2192     1.9997
    7.3100     0.2438     0.0337     0.0527     1.9815
    7.3200     0.2435     0.0533    -0.1075     1.9509
    7.3300     0.2417     0.0726    -0.2610     1.9090
    7.3400     0.2383     0.0915    -0.4074     1.8570
    7.3500     0.2335     0.1097    -0.5464     1.7957
    7.3600     0.2274     0.1273    -0.6779     1.7260
    7.3700     0.2200     0.1442    -0.8017     1.6487
    7.3800     0.2114     0.1603    -0.9178     1.5646
    7.3900     0.2017     0.1755    -1.0261     1.4742
    7.4000     0.1909     0.1897    -1.1267     1.3783
    7.4100     0.1792     0.2030    -1.2195     1.2772
    7.4200     0.1666     0.2153    -1.3046     1.1715
    7.4300     0.1532     0.2264    -1.3820     1.0616
    7.4400     0.1390     0.2365    -1.4517     0.9480
    7.4500     0.1242     0.2454    -1.5137     0.8308
    7.4600     0.1088     0.2531    -1.5680     0.7105
    7.4700     0.0928     0.2596    -1.6146     0.5874
    7.4800     0.0765     0.2648    -1.6533     0.4618
    7.4900     0.0598     0.2688    -1.6842     0.3339
    7.5000     0.0429     0.2715    -1.7072     0.2039
    7.5100     0.0257     0.2728    -1.7221     0.0721
    7.5200     0.0085     0.2729    -1.7287    -0.0611
    7.5300    -0.0088     0.2716    -1.7268    -0.1956
    7.5400    -0.0260     0.2690    -1.7164    -0.3311
    7.5500    -0.0431     0.2650    -1.6970    -0.4673
    7.5600    -0.0599     0.2596    -1.6684    -0.6037
    7.5700    -0.0764     0.2529    -1.6303    -0.7402
    7.5800    -0.0925     0.2448    -1.5822    -0.8762
    7.5900    -0.1080     0.2354    -1.5239    -1.0112
    7.6000    -0.1229     0.2246    -1.4549    -1.1447
    7.6100    -0.1371     0.2125    -1.3746    -1.2761
    7.6200    -0.1503     0.1991    -1.2827    -1.4045
    7.6300    -0.1626     0.1844    -1.1785    -1.5291
    7.6400    -0.1738     0.1686    -1.0617    -1.6489
    7.6500    -0.1838     0.1515    -0.9317    -1.7626
    7.6600    -0.1924     0.1333    -0.7881    -1.8689
    7.6700    -0.1995     0.1142    -0.6305    -1.9660
    7.6800    -0.2050     0.0941    -0.4588    -2.0522
    7.6900    -0.2086     0.0732    -0.2728    -2.1251
    7.7000    -0.2103     0.0517    -0.0729    -2.1825
    7.7100    -0.2100     0.0296     0.1403    -2.2215
    7.7200    -0.2075     0.0073     0.3658    -2.2393
    7.7300    -0.2026    -0.0150     0.6018    -2.2326
    7.7400    -0.1954    -0.0372     0.8458    -2.1983
    7.7500    -0.1857    -0.0588     1.0944    -2.1332
    7.7600    -0.1735    -0.0797     1.3434    -2.0346
    7.7700    -0.1589    -0.0994     1.5873    -1.9004
    7.7800    -0.1418    -0.1175     1.8199    -1.7296
    7.7900    -0.1225    -0.1338     2.0343    -1.5224
    7.8000    -0.1013    -0.1478     2.2230    -1.2809
    7.8100    -0.0783    -0.1592     2.3790    -1.0090
    7.8200    -0.0539    -0.1678     2.4959    -0.7126
    7.8300    -0.0286    -0.1734     2.5690    -0.3992
    7.8400    -0.0027    -0.1758     2.5952    -0.0776
    7.8500     0.0231    -0.1750     2.5739     0.2430
    7.8600     0.0485    -0.1710     2.5069     0.5538
    7.8700     0.0730    -0.1640     2.3979     0.8468
    7.8800     0.0963    -0.1542     2.2520     1.1156
    7.8900     0.1179    -0.1418     2.0754     1.3552
    7.9000     0.1377    -0.1272     1.8748     1.5628
    7.9100     0.1553    -0.1107     1.6566     1.7369
    7.9200     0.1708    -0.0926     1.4267     1.8775
    7.9300     0.1838    -0.0733     1.1905     1.9855
    7.9400     0.1946    -0.0531     0.9524     2.0627
    7.9500     0.2029    -0.0322     0.7162     2.1111
    7.9600     0.2089    -0.0110     0.4847     2.1332
    7.9700     0.2126     0.0103     0.2603     2.1314
    7.9800     0.2141     0.0315     0.0446     2.1081
    7.9900     0.2136     0.0524    -0.1610     2.0657
    8.0000     0.2110     0.0728    -0.3558     2.0062
    8.0100     0.2065     0.0924    -0.5392     1.9315
    8.0200     0.2003     0.1113    -0.7107     1.8433
    8.0300     0.1924     0.1292    -0.8702     1.7433
    8.0400     0.1829     0.1461    -1.0176     1.6328
    8.0500     0.1721     0.1619    -1.1528     1.5129
    8.0600     0.1599     0.1763    -1.2760     1.3848
    8.0700     0.1466     0.1895    -1.3870     1.2493
    8.0800     0.1322     0.2013    -1.4861     1.1073
    8.0900     0.1169     0.2116    -1.5731     0.9594
    8.1000     0.1008     0.2205    -1.6482     0.8065
    8.1100     0.0840     0.2277    -1.7112     0.6489
    8.1200     0.0667     0.2334    -1.7621     0.4873
    8.1300     0.0489     0.2375    -1.8007     0.3221
    8.1400     0.0307     0.2398    -1.8269     0.1539
    8.1500     0.0124     0.2405    -1.8404    -0.0169
    8.1600    -0.0060     0.2395    -1.8408    -0.1898
    8.1700    -0.0244     0.2367    -1.8278    -0.3643
    8.1800    -0.0425     0.2322    -1.8009    -0.5398
    8.1900    -0.0603     0.2259    -1.7595    -0.7156
    8.2000    -0.0776     0.2179    -1.7030    -0.8910
    8.2100    -0.0943     0.2081    -1.6307    -1.0652
    8.2200    -0.1102     0.1966    -1.5417    -1.2370
    8.2300    -0.1250     0.1834    -1.4352    -1.4053
    8.2400    -0.1388     0.1685    -1.3103    -1.5686
    8.2500    -0.1511     0.1521    -1.1661    -1.7250
    8.2600    -0.1620     0.1341    -1.0017    -1.8725
    8.2700    -0.1711     0.1147    -0.8162    -2.0084
    8.2800    -0.1782     0.0940    -0.6092    -2.1295
    8.2900    -0.1832     0.0722    -0.3802    -2.2324
    8.3000    -0.1857     0.0494    -0.1297    -2.3126
    8.3100    -0.1856     0.0260     0.1414    -2.3654
    8.3200    -0.1828     0.0023     0.4311    -2.3853
    8.3300    -0.1769    -0.0215     0.7359    -2.3666
    8.3400    -0.1680    -0.0448     1.0506    -2.3037
    8.3500    -0.1559    -0.0673     1.3681    -2.1911
    8.3600    -0.1407    -0.0884     1.6791    -2.0250
    8.3700    -0.1224    -0.1075     1.9723    -1.8034
    8.3800    -0.1014    -0.1242     2.2350    -1.5276
    8.3900    -0.0779    -0.1378     2.4542    -1.2026
    8.4000    -0.0526    -0.1480     2.6179    -0.8375
    8.4100    -0.0259    -0.1544     2.7168    -0.4452
    8.4200     0.0014    -0.1569     2.7459    -0.0410
    8.4300     0.0287    -0.1553     2.7046     0.3588
    8.4400     0.0552    -0.1498     2.5973     0.7390
    8.4500     0.0803    -0.1407     2.4320     1.0870
    8.4600     0.1036    -0.1283     2.2192     1.3935
    8.4700     0.1245    -0.1130     1.9704     1.6530
    8.4800     0.1429    -0.0954     1.6968     1.8631
    8.4900     0.1584    -0.0760     1.4084     2.0244
    8.5000     0.1710    -0.0552     1.1140     2.1390
    8.5100     0.1807    -0.0334     0.8204     2.2106
    8.5200     0.1874    -0.0112     0.5330     2.2431
    8.5300     0.1914     0.0113     0.2557     2.2408
    8.5400     0.1926     0.0335    -0.0086     2.2078
    8.5500     0.1913     0.0553    -0.2580     2.1479
    8.5600     0.1875     0.0763    -0.4912     2.0646
    8.5700     0.1815     0.0965    -0.7076     1.9610
    8.5800     0.1735     0.1155    -0.9067     1.8398
    8.5900     0.1635     0.1332    -1.0883     1.7032
    8.6000     0.1518     0.1495    -1.2525     1.5534
    8.6100     0.1385     0.1642    -1.3992     1.3919
    8.6200     0.1239     0.1773    -1.5286     1.2204
    8.6300     0.1080     0.1886    -1.6407     1.0399
    8.6400     0.0912     0.1980    -1.7354     0.8518
    8.6500     0.0734     0.2056    -1.8128     0.6569
    8.6600     0.0550     0.2111    -1.8727     0.4561
    8.6700     0.0361     0.2147    -1.9147     0.2503
    8.6800     0.0168     0.2161    -1.9385     0.0403
    8.6900    -0.0026     0.2154    -1.9436    -0.1731
    8.7000    -0.0220     0.2126    -1.9292    -0.3891
    8.7100    -0.0411     0.2077    -1.8946    -0.6065
    8.7200    -0.0598     0.2005    -1.8387    -0.8244
    8.7300    -0.0778     0.1912    -1.7604    -1.0414
    8.7400    -0.0949     0.1797    -1.6583    -1.2558
    8.7500    -0.1108     0.1661    -1.5311    -1.4657
    8.7600    -0.1253     0.1504    -1.3771    -1.6685
    8.7700    -0.1382     0.1328    -1.1948    -1.8612
    8.7800    -0.1491     0.1133    -0.9828    -2.0398
    8.7900    -0.1577     0.0921    -0.7398    -2.1997
    8.8000    -0.1637     0.0694    -0.4651    -2.3351
    8.8100    -0.1669     0.0455    -0.1590    -2.4390
    8.8200    -0.1668     0.0208     0.1769    -2.5033
    8.8300    -0.1632    -0.0043     0.5388    -2.5188
    8.8400    -0.1559    -0.0293     0.9201    -2.4761
    8.8500    -0.1447    -0.0535     1.3107    -2.3658
    8.8600    -0.1297    -0.0762     1.6964    -2.1805
    8.8700    -0.1109    -0.0967     2.0591    -1.9164
    8.8800    -0.0887    -0.1142     2.3779    -1.5755
    8.8900    -0.0637    -0.1279     2.6317    -1.1671
    8.9000    -0.0365    -0.1373     2.8020    -0.7082
    8.9100    -0.0081    -0.1419     2.8769    -0.2218
    8.9200     0.0205    -0.1417     2.8527     0.2659
    8.9300     0.0485    -0.1367     2.7348     0.7298
    8.9400     0.0748    -0.1273     2.5359     1.1492
    8.9500     0.0989    -0.1140     2.2730     1.5098
    8.9600     0.1200    -0.0975     1.9644     1.8042
    8.9700     0.1380    -0.0783     1.6276     2.0304
    8.9800     0.1525    -0.0572     1.2774     2.1909
    8.9900     0.1635    -0.0348     0.9255     2.2907
    9.0000     0.1711    -0.0116     0.5810     2.3360
    9.0100     0.1752     0.0117     0.2500     2.3336
    9.0200     0.1762     0.0348    -0.0630     2.2898
    9.0300     0.1741     0.0573    -0.3555     2.2105
    9.0400     0.1692     0.0789    -0.6256     2.1010
    9.0500     0.1617     0.0992    -0.8726     1.9655
    9.0600     0.1518     0.1181    -1.0960     1.8081
    9.0700     0.1399     0.1353    -1.2958     1.6318
    9.0800     0.1260     0.1506    -1.4720     1.4393
    9.0900     0.1106     0.1640    -1.6246     1.2329
    9.1000     0.0937     0.1752    -1.7537     1.0145
    9.1100     0.0756     0.1842    -1.8592     0.7857
    9.1200     0.0566     0.1909    -1.9408     0.5480
    9.1300     0.0369     0.1952    -1.9981     0.3026
    9.1400     0.0168     0.1969    -2.0305     0.0509
    9.1500    -0.0036     0.1962    -2.0371    -0.2059
    9.1600    -0.0239     0.1928    -2.0167    -0.4664
    9.1700    -0.0438     0.1868    -1.9678    -0.7290
    9.1800    -0.0631     0.1782    -1.8887    -0.9917
    9.1900    -0.0814     0.1670    -1.7774    -1.2522
    9.2000    -0.0984     0.1532    -1.6315    -1.5076
    9.2100    -0.1138     0.1369    -1.4486    -1.7538
    9.2200    -0.1272     0.1182    -1.2262    -1.9859
    9.2300    -0.1381     0.0973    -0.9618    -2.1976
    9.2400    -0.1462     0.0744    -0.6537    -2.3807
    9.2500    -0.1510     0.0499    -0.3016    -2.5253
    9.2600    -0.1520     0.0241     0.0929    -2.6190
    9.2700    -0.1490    -0.0022     0.5246    -2.6478
    9.2800    -0.1414    -0.0284     0.9834    -2.5967
    9.2900    -0.1292    -0.0537     1.4527    -2.4514
    9.3000    -0.1124    -0.0769     1.9089    -2.2016
    9.3100    -0.0913    -0.0972     2.3220    -1.8447
    9.3200    -0.0664    -0.1133     2.6590    -1.3897
    9.3300    -0.0386    -0.1246     2.8899    -0.8590
    9.3400    -0.0092    -0.1303     2.9943    -0.2864
    9.3500     0.0206    -0.1303     2.9661     0.2885
    9.3600     0.0495    -0.1247     2.8147     0.8281
    9.3700     0.0764    -0.1141     2.5608     1.3034
    9.3800     0.1003    -0.0991     2.2312     1.6965
    9.3900     0.1208    -0.0806     1.8528     2.0003
    9.4000     0.1373    -0.0595     1.4493     2.2163
    9.4100     0.1497    -0.0366     1.0397     2.3508
    9.4200     0.1581    -0.0128     0.6376     2.4129
    9.4300     0.1626     0.0113     0.2525     2.4123
    9.4400     0.1633     0.0351    -0.1093     2.3583
    9.4500     0.1605     0.0582    -0.4442     2.2593
    9.4600     0.1545     0.0801    -0.7500     2.1225
    9.4700     0.1457     0.1005    -1.0259     1.9539
    9.4800     0.1342     0.1191    -1.2714     1.7585
    9.4900     0.1204     0.1356    -1.4864     1.5403
    9.5000     0.1046     0.1498    -1.6709     1.3028
    9.5100     0.0871     0.1616    -1.8248     1.0488
    9.5200     0.0682     0.1707    -1.9479     0.7806
    9.5300     0.0483     0.1771    -2.0396     0.5002
    9.5400     0.0276     0.1807    -2.0992     0.2095
    9.5500     0.0065     0.1813    -2.1252    -0.0896
    9.5600    -0.0147     0.1788    -2.1161    -0.3951
    9.5700    -0.0356     0.1733    -2.0696    -0.7049
    9.5800    -0.0559     0.1647    -1.9831    -1.0161
    9.5900    -0.0751     0.1530    -1.8533    -1.3251
    9.6000    -0.0927     0.1383    -1.6766    -1.6273
    9.6100    -0.1084     0.1205    -1.4489    -1.9164
    9.6200    -0.1214     0.1000    -1.1665    -2.1842
    9.6300    -0.1314     0.0770    -0.8260    -2.4196
    9.6400    -0.1377     0.0519    -0.4259    -2.6084
    9.6500    -0.1396     0.0252     0.0323    -2.7330
    9.6600    -0.1368    -0.0024     0.5411    -2.7722
    9.6700    -0.1286    -0.0297     1.0850    -2.7036
    9.6800    -0.1150    -0.0558     1.6373    -2.5067
    9.6900    -0.0960    -0.0792     2.1596    -2.1691
    9.7000    -0.0722    -0.0985     2.6048    -1.6945
    9.7100    -0.0446    -0.1125     2.9263    -1.1073
    9.7200    -0.0145    -0.1203     3.0891    -0.4524
    9.7300     0.0164    -0.1215     3.0808     0.2138
    9.7400     0.0463    -0.1162     2.9132     0.8371
    9.7500     0.0740    -0.1052     2.6167     1.3765
    9.7600     0.0982    -0.0892     2.2294     1.8093
    9.7700     0.1183    -0.0695     1.7886     2.1290
    9.7800     0.1339    -0.0472     1.3252     2.3405
    9.7900     0.1448    -0.0232     0.8622     2.4548
    9.8000     0.1512     0.0015     0.4153     2.4851
    9.8100     0.1532     0.0261    -0.0056     2.4444
    9.8200     0.1512     0.0501    -0.3944     2.3446
    9.8300     0.1455     0.0728    -0.7480     2.1958
    9.8400     0.1365     0.0938    -1.0647     2.0060
    9.8500     0.1244     0.1127    -1.3439     1.7822
    9.8600     0.1098     0.1293    -1.5852     1.5296
    9.8700     0.0929     0.1432    -1.7885     1.2526
    9.8800     0.0742     0.1542    -1.9534     0.9547
    9.8900     0.0540     0.1622    -2.0790     0.6389
    9.9000     0.0328     0.1669    -2.1641     0.3079
    9.9100     0.0110     0.1683    -2.2068    -0.0359
    9.9200    -0.0111     0.1662    -2.2045    -0.3896
    9.9300    -0.0329     0.1605    -2.1537    -0.7502
    9.9400    -0.0539     0.1512    -2.0502    -1.1134
    9.9500    -0.0736     0.1382    -1.8889    -1.4738
    9.9600    -0.0914     0.1217    -1.6639    -1.8239
    9.9700    -0.1065     0.1018    -1.3692    -2.1532
    9.9800    -0.1184     0.0788    -0.9992    -2.4472
    9.9900    -0.1261     0.0532    -0.5504    -2.6865
   10.0000    -0.1290     0.0255    -0.0244    -2.8459
   10.0100    -0.1263    -0.0032     0.5688    -2.8949
   10.0200    -0.1174    -0.0317     1.2051    -2.8009
   10.0300    -0.1022    -0.0584     1.8425    -2.5362
   10.0400    -0.0808    -0.0815     2.4212    -2.0899
   10.0500    -0.0544    -0.0993     2.8732    -1.4799
   10.0600    -0.0243    -0.1105     3.1405    -0.7576
   10.0700     0.0074    -0.1143     3.1944     0.0020
   10.0800     0.0386    -0.1107     3.0440     0.7220
   10.0900     0.0674    -0.1004     2.7283     1.3437
   10.1000     0.0926    -0.0845     2.2989     1.8351
   10.1100     0.1131    -0.0643     1.8054     2.1886
   10.1200     0.1286    -0.0413     1.2879     2.4119
   10.1300     0.1389    -0.0167     0.7744     2.5206
   10.1400     0.1442     0.0086     0.2834     2.5320
   10.1500     0.1447     0.0336    -0.1740     2.4628
   10.1600     0.1409     0.0575    -0.5918     2.3270
   10.1700     0.1331     0.0798    -0.9668     2.1364
   10.1800     0.1218     0.1000    -1.2974     1.9002
   10.1900     0.1074     0.1176    -1.5829     1.6259
   10.2000     0.0903     0.1324    -1.8226     1.3191
   10.2100     0.0711     0.1439    -2.0155     0.9846
   10.2200     0.0503     0.1519    -2.1602     0.6260
   10.2300     0.0282     0.1563    -2.2544     0.2469
   10.2400     0.0054     0.1568    -2.2947    -0.1494
   10.2500    -0.0174     0.1532    -2.2766    -0.5590
   10.2600    -0.0398     0.1456    -2.1942    -0.9770
   10.2700    -0.0609     0.1337    -2.0403    -1.3966
   10.2800    -0.0802     0.1177    -1.8065    -1.8081
   10.2900    -0.0966     0.0976    -1.4835    -2.1975
   10.3000    -0.1094     0.0739    -1.0629    -2.5444
   10.3100    -0.1174     0.0471    -0.5397    -2.8206
   10.3200    -0.1196     0.0181     0.0827    -2.9887
   10.3300    -0.1153    -0.0119     0.7852    -3.0042
   10.3400    -0.1038    -0.0410     1.5247    -2.8223
   10.3500    -0.0850    -0.0672     2.2294    -2.4144
   10.3600    -0.0598    -0.0882     2.8078    -1.7886
   10.3700    -0.0299    -0.1022     3.1743    -1.0026
   10.3800     0.0024    -0.1080     3.2821    -0.1532
   10.3900     0.0345    -0.1054     3.1389     0.6562
   10.4000     0.0642    -0.0954     2.7955     1.3483
   10.4100     0.0897    -0.0793     2.3195     1.8840
   10.4200     0.1102    -0.0586     1.7736     2.2568
   10.4300     0.1251    -0.0349     1.2055     2.4793
   10.4400     0.1344    -0.0096     0.6475     2.5723
   10.4500     0.1382     0.0160     0.1191     2.5573
   10.4600     0.1370     0.0411    -0.3683     2.4536
   10.4700     0.1311     0.0647    -0.8087     2.2771
   10.4800     0.1210     0.0863    -1.1990     2.0404
   10.4900     0.1073     0.1053    -1.5375     1.7533
   10.5000     0.0905     0.1212    -1.8228     1.4233
   10.5100     0.0712     0.1336    -2.0531     1.0563
   10.5200     0.0498     0.1421    -2.2257     0.6568
   10.5300     0.0270     0.1466    -2.3369     0.2293
   10.5400     0.0034     0.1466    -2.3812    -0.2219
   10.5500    -0.0203     0.1420    -2.3513    -0.6917
   10.5600    -0.0432     0.1327    -2.2375    -1.1725
   10.5700    -0.0646     0.1186    -2.0284    -1.6537
   10.5800    -0.0833     0.0997    -1.7105    -2.1184
   10.5900    -0.0982     0.0764    -1.2706    -2.5417
   10.6000    -0.1080     0.0493    -0.6995    -2.8865
   10.6100    -0.1115     0.0193     0.0004    -3.1022
   10.6200    -0.1075    -0.0118     0.8032    -3.1266
   10.6300    -0.0953    -0.0419     1.6458    -2.8999
   10.6400    -0.0749    -0.0684     2.4241    -2.3912
   10.6500    -0.0477    -0.0885     3.0138    -1.6309
   10.6600    -0.0161    -0.1003     3.3182    -0.7190
   10.6700     0.0171    -0.1028     3.3101     0.2090
   10.6800     0.0488    -0.0966     3.0335     1.0354
   10.6900     0.0768    -0.0829     2.5698     1.6925
   10.7000     0.0997    -0.0637     2.0011     2.1610
   10.7100     0.1166    -0.0406     1.3915     2.4517
   10.7200     0.1275    -0.0154     0.7840     2.5883
   10.7300     0.1325     0.0105     0.2047     2.5966
   10.7400     0.1318     0.0360    -0.3316     2.4996
   10.7500     0.1261     0.0601    -0.8169     2.3162
   10.7600     0.1158     0.0820    -1.2468     2.0609
   10.7700     0.1014     0.1010    -1.6185     1.7447
   10.7800     0.0837     0.1166    -1.9292     1.3759
   10.7900     0.0632     0.1283    -2.1754     0.9609
   10.8000     0.0405     0.1356    -2.3521     0.5047
   10.8100     0.0165     0.1382    -2.4522     0.0124
   10.8200    -0.0081     0.1357    -2.4659    -0.5100
   10.8300    -0.0323     0.1279    -2.3799    -1.0543
   10.8400    -0.0551     0.1146    -2.1779    -1.6071
   10.8500    -0.0752     0.0958    -1.8404    -2.1469
   10.8600    -0.0911     0.0719    -1.3481    -2.6392
   10.8700    -0.1013     0.0435    -0.6880    -3.0316
   10.8800    -0.1041     0.0121     0.1324    -3.2505
   10.8900    -0.0981    -0.0202     1.0650    -3.2098
